P(xi_order) 3
Q(eta_order) 1

knots_xi 15
-1.00000000000000e+00
-1.00000000000000e+00
-1.00000000000000e+00
-1.00000000000000e+00
-7.50000000000000e-01
-5.00000000000000e-01
-2.50000000000000e-01
0.00000000000000e+00
2.50000000000000e-01
5.00000000000000e-01
7.50000000000000e-01
1.00000000000000e+00
1.00000000000000e+00
1.00000000000000e+00
1.00000000000000e+00

knots_eta 4
-1.00000000000000e+00
-1.00000000000000e+00
1.00000000000000e+00
1.00000000000000e+00

Control_Point_Data 20 
5.00000000000000e-01 1.33226762955019e-17 1.00000000000000e+00
2.00000000000000e+01 -0.00000000000000e+00 1.00000000000000e+00
4.11462305875860e-01 -1.94856026660723e-04 1.00000000000000e+00
2.00278320363266e+01 -5.23164375086163e+00 1.00000000000000e+00
2.60549469047750e-01 -3.70389217356619e-02 1.00000000000000e+00
1.56718236177732e+01 -1.56780635404426e+01 1.00000000000000e+00
-1.46065162300945e-02 -4.99157604413004e-02 1.00000000000000e+00
4.96235040730052e-03 -2.21792078055736e+01 1.00000000000000e+00
-2.22070939017145e-01 -6.91206168957500e-02 1.00000000000000e+00
-1.56848583313920e+01 -1.56810556989384e+01 1.00000000000000e+00
-5.79487813867564e-01 2.68678493546853e-17 1.00000000000000e+00
-2.21748751433738e+01 1.09824952114462e-14 1.00000000000000e+00
-2.22070939017144e-01 1.05097460809314e-01 1.00000000000000e+00
-1.56848583313920e+01 1.56810556989384e+01 1.00000000000000e+00
-1.46065162300946e-02 7.00139158496439e-02 1.00000000000000e+00
4.96235040728203e-03 2.21792078055736e+01 1.00000000000000e+00
2.60549469047750e-01 4.69671034846583e-02 1.00000000000000e+00
1.56718236177732e+01 1.56780635404425e+01 1.00000000000000e+00
4.11462305875859e-01 2.38881469171103e-02 1.00000000000000e+00
2.00278320363266e+01 5.23164375086167e+00 1.00000000000000e+00

Control_Point_Connectivity 11 2
0 1 
2 3 
4 5 
6 7 
8 9 
10 11 
12 13 
14 15 
16 17 
18 19 
0 1 
