30 3
5 8
20 4
5 1

Barycentric Coordinates (Regular PYR)
  0.684068313503266  0.236064770283053 -0.013279046334028  0.058567022629494  0.034578939918215
  0.516187601909646  0.271559975498696 -0.080827876615962  0.119599978435924  0.173480320771696
  0.329766188152346  0.251726948201919 -0.110933869856137  0.139554346436353  0.389886387065519
  0.188059102162919  0.160453980239772 -0.076070817915809  0.093224262882231  0.634333472630887
  0.082220391782739  0.059738336926196 -0.025366810998488  0.032353869342537  0.851054212947017
  0.837034898451484  0.083098185334835 -0.037810209039369  0.083098185334835  0.034578939918215
  0.599713397993982  0.188034179414360 -0.149262077594397  0.188034179414360  0.173480320771696
  0.557160053590927  0.185475282541834  0.037310441407191  0.185475282541834  0.034578939918215
  0.460066541893160  0.460066541893159  0.022643988147733  0.022643988147733  0.034578939918215
  0.435723746867056  0.200063833478514 -0.009331734595780  0.200063833478514  0.173480320771696
  0.393873788704171  0.393873788704171  0.019386050909981  0.019386050909981  0.173480320771696
  0.371317668066380  0.371317668066380  0.111392861974512  0.111392861974512  0.034578939918215
  0.356411950686647  0.225081185667618 -0.196460709087402  0.225081185667618  0.389886387065519
  0.317893790172785  0.317893790172785  0.095366049441367  0.095366049441367  0.173480320771696
  0.291174015443674  0.178146519145025 -0.037353440799242  0.178146519145025  0.389886387065519
  0.290746568177133  0.014310238290108  0.014310238290108  0.290746568177132  0.389886387065519
  0.234660267294349  0.234660267294349  0.070396539172891  0.070396539172891  0.389886387065519
  0.197484610714282  0.151028471688409 -0.133875026721987  0.151028471688409  0.634333472630887
  0.174256541201345  0.174256541201345  0.008576722483211  0.008576722483211  0.634333472630887
  0.168818015681121  0.112465349364029 -0.028082187040066  0.112465349364029  0.634333472630887
  0.140641682522575  0.140641682522575  0.042191581161981  0.042191581161981  0.634333472630887
  0.089896677397144  0.052062051311791 -0.045074992967742  0.052062051311791  0.851054212947017
  0.072102948888376  0.042471312236900 -0.008099786309192  0.042471312236900  0.851054212947017
  0.070979364354467  0.070979364354467  0.003493529172024  0.003493529172024  0.851054212947017
  0.057287130562638  0.057287130562638  0.017185762963854  0.017185762963854  0.851054212947017
  0.241355265020446  0.241355265020446  0.241355265020446  0.241355265020446  0.034578939918215
  0.206629919807076  0.206629919807076  0.206629919807076  0.206629919807076  0.173480320771696
  0.152528403233620  0.152528403233620  0.152528403233620  0.152528403233620  0.389886387065519
  0.091416631842278  0.091416631842278  0.091416631842278  0.091416631842278  0.634333472630887
  0.037236446763246  0.037236446763246  0.037236446763246  0.037236446763246  0.851054212947017

Weights
  0.013112767102088
  0.020238756946208
  0.014305192018601
  0.005140814964162
  0.000659741626645
  0.006490975688363
  0.010018425422931
  0.026489802046534
  0.015585584330297
  0.040885395202938
  0.024055399647514
  0.031485272366606
  0.007081240205610
  0.048595599224166
  0.028898683386975
  0.017002877793161
  0.034348422682694
  0.002544764555868
  0.006110274401017
  0.010385235221390
  0.012343692072985
  0.000326579952638
  0.001332779340593
  0.000784156286634
  0.001584116048487
  0.037422792901886
  0.057759800345186
  0.040825878639189
  0.014671476451381
  0.001882850055252