36 3
18 8
18 4
0 1

Barycentric Coordinates (Regular PYR)
  0.758936095387403  0.182268780215419 -0.017261583505302  0.050152152808813  0.025904555093667
  0.602889198932000  0.236223904958347 -0.089114912448092  0.118437866899760  0.131563941657985
  0.574657135302399  0.366547740300423  0.004281051037294  0.028609518266217  0.025904555093667
  0.495233119776145  0.313855128420070  0.056973662917647  0.108033533792470  0.025904555093667
  0.485718176238307  0.353394927652040 -0.022789651184468  0.052112605636136  0.131563941657985
  0.422649142517948  0.298677923313812  0.031927353153760  0.115181639356495  0.131563941657985
  0.413898104032307  0.260111591044871 -0.141947678784117  0.165501065684048  0.302436918022891
  0.364754311861648  0.309255383215530 -0.043699809658508  0.067253196558438  0.302436918022891
  0.321482017534698  0.257917152181657  0.007638421375365  0.110525490885389  0.302436918022891
  0.260939900448832  0.213446181622643 -0.130279254219324  0.146856758983098  0.509036413164752
  0.245762877431237  0.228623204640237 -0.041718076966171  0.058295581729944  0.509036413164752
  0.218495282188792  0.189301377243137 -0.002396249569070  0.085563176972389  0.509036413164752
  0.152230513555776  0.122488263335584 -0.074325980676942  0.083926076473868  0.715681127311714
  0.142726123768173  0.033355281570455 -0.023755185773529  0.131992653123187  0.715681127311714
  0.126817856434309  0.109338733595335 -0.001101266245677  0.049263548904319  0.715681127311714
  0.066615323252236  0.042757024705700 -0.023582427333811  0.027404463198313  0.886805616177562
  0.058991200417665  0.050381147540271 -0.007289131497501  0.011111167362003  0.886805616177562
  0.052026927760546  0.018075440019123  0.001099157352766  0.041992858690004  0.886805616177562
  0.877224532285766  0.063980343317056 -0.031089774013545  0.063980343317056  0.025904555093667
  0.678101133695612  0.161011970194735 -0.131689015743067  0.161011970194735  0.131563941657985
  0.655841667165787  0.153246581030428  0.011760615679689  0.153246581030428  0.025904555093667
  0.532424519815027  0.188902546016733 -0.041793553506478  0.188902546016733  0.131563941657985
  0.445443443535220  0.228566251541958 -0.205012864642028  0.228566251541958  0.302436918022891
  0.377768122662678  0.201631047053676 -0.083467134792923  0.201631047053676  0.302436918022891
  0.371500188893569  0.231766464675047  0.139062326662670  0.231766464675047  0.025904555093667
  0.324395278891869  0.213435502982574  0.117169773484998  0.213435502982574  0.131563941657985
  0.270682012780557  0.203704069290917 -0.187126564527143  0.203704069290917  0.509036413164752
  0.254069059783684  0.177938448636402  0.087617124920620  0.177938448636402  0.302436918022891
  0.244346217194175  0.163450442237754 -0.080283514834436  0.163450442237754  0.509036413164752
  0.176015693929341  0.128042765231840  0.058862362442227  0.128042765231840  0.509036413164752
  0.158331369622739  0.116387407268621 -0.106787311471695  0.116387407268620  0.715681127311714
  0.142295459355281  0.093861130674363 -0.045698848015721  0.093861130674363  0.715681127311714
  0.102034715850944  0.074046689487685  0.034190777861973  0.074046689487685  0.715681127311714
  0.071509238284134  0.037863109673802 -0.034041073809300  0.037863109673802  0.886805616177562
  0.060912003870267  0.033107782580283 -0.013933185208394  0.033107782580283  0.886805616177562
  0.041177440214226  0.028924927565443  0.014167088477327  0.028924927565443  0.886805616177562

Weights
  0.005466427489302
  0.009385641599129
  0.007090050009939
  0.014929666850638
  0.012173337786593
  0.025633652422668
  0.008266870129421
  0.010722272042933
  0.022578112884745
  0.004483155379209
  0.005814729254733
  0.012244197216963
  0.001374090937695
  0.001782219463356
  0.003752856863539
  0.000160051978843
  0.000207590155802
  0.000437126940326
  0.002595988555043
  0.004457210531148
  0.011510770892171
  0.019763542155281
  0.003925909615375
  0.017407721631966
  0.019364033422177
  0.033247285904696
  0.002129035842455
  0.029284198829341
  0.009440274209267
  0.015880933346270
  0.000652551296953
  0.002893452076291
  0.004867519581062
  0.000076008161839
  0.000337024805123
  0.000566961122903