8 3
1 8
5 4
2 1

Barycentric Coordinates (Regular PYR)
  0.566652600230942  0.299304492352537  0.007791819178622  0.056819244034926  0.069431844202974
  0.771560899446668  0.094396193136810 -0.029785129923263  0.094396193136810  0.069431844202974
  0.449875819619773  0.144605654578331 -0.069096606984006  0.144605654578331  0.330009478207572
  0.412378337369746  0.211093506896121  0.096002804635038  0.211093506896121  0.069431844202974
  0.297240737099052  0.297240737099052  0.037754523797162  0.037754523797162  0.330009478207572
  0.174682394885350  0.085587874757570 -0.015848666192919  0.085587874757570  0.669990521792428
  0.167497630448107  0.167497630448107  0.167497630448107  0.167497630448107  0.330009478207572
  0.017357961050743  0.017357961050743  0.017357961050743  0.017357961050743  0.930568155797026