7 3
0 8
4 4
3 1

Barycentric Coordinates (Regular PYR)
  1.000000000000000  0.000000000000000  0.000000000000000  0.000000000000000  0.000000000000000
  0.500000000000000  0.500000000000000  0.000000000000000  0.000000000000000  0.000000000000000
  0.281250000000000  0.218750000000000 -0.218750000000000  0.218750000000000  0.500000000000000
  0.250000000000000  0.250000000000000 -0.000000000000000 -0.000000000000000  0.500000000000000
  0.250000000000000  0.250000000000000  0.250000000000000  0.250000000000000  0.000000000000000
  0.125000000000000  0.125000000000000  0.125000000000000  0.125000000000000  0.500000000000000
  0.000000000000000  0.000000000000000  0.000000000000000  0.000000000000000  1.000000000000000

Weights
  0.026189140043946
  0.104756560175785
  0.026189140043946
  0.104756560175785
  0.419026240703139
  0.419026240703139
  0.000000000000000