25 3
4 8
16 4
5 1

Barycentric Coordinates (Regular PYR)
  0.827326835353988  0.172673164646012 -0.000000000000000  0.000000000000000  0.000000000000000
  0.564372677535900  0.262954157818089 -0.120097014960946  0.120097014960946  0.172673164646012
  0.270457927209624  0.229542072790376 -0.143205490467370  0.143205490467370  0.500000000000000
  0.099290740141095  0.043566402716048 -0.043566402716048  0.073382424504917  0.827326835353988
  1.000000000000000  0.000000000000000  0.000000000000000  0.000000000000000  0.000000000000000
  0.684469692496846  0.142857142857143  0.029816021788869  0.142857142857143  0.000000000000000
  0.643875614755062  0.183451220598927 -0.183451220598927  0.183451220598927  0.172673164646012
  0.500000000000000  0.500000000000000  0.000000000000000  0.000000000000000  0.000000000000000
  0.487658192903879  0.196811499592967 -0.053954356735824  0.196811499592967  0.172673164646012
  0.413663417676994 -0.000000000000000 -0.000000000000000  0.413663417676994  0.172673164646012
  0.413663417676994  0.413663417676994  0.086336582323006  0.086336582323006  0.000000000000000
  0.342234846248423  0.342234846248423  0.071428571428571  0.071428571428571  0.172673164646012
  0.281250000000000  0.218750000000000 -0.218750000000000  0.218750000000000  0.500000000000000
  0.250000000000000  0.250000000000000 -0.000000000000000 -0.000000000000000  0.500000000000000
  0.248484846248423  0.165178571428572 -0.078841989105566  0.165178571428572  0.500000000000000
  0.206831708838497  0.206831708838497  0.043168291161503  0.043168291161503  0.500000000000000
  0.106124385244938  0.066548779401073 -0.066548779401073  0.066548779401073  0.827326835353988
  0.089668642450110  0.053188500407033 -0.023372478618164  0.053188500407033  0.827326835353988
  0.086336582323006  0.086336582323006  0.000000000000000  0.000000000000000  0.827326835353988
  0.071428571428571  0.071428571428571  0.014908010894434  0.014908010894434  0.827326835353988
  0.250000000000000  0.250000000000000  0.250000000000000  0.250000000000000  0.000000000000000
  0.206831708838497  0.206831708838497  0.206831708838497  0.206831708838497  0.172673164646012
  0.125000000000000  0.125000000000000  0.125000000000000  0.125000000000000  0.500000000000000
  0.043168291161503  0.043168291161503  0.043168291161503  0.043168291161503  0.827326835353988
  0.000000000000000  0.000000000000000  0.000000000000000  0.000000000000000  1.000000000000000

Weights
  0.003849803586460
  0.014346513330320
  0.006844095264818
  0.000624945061469
  0.000707106781187
  0.020960041748505
  0.002635073876998
  0.005028314888438
  0.078108794798410
  0.018738303125316
  0.027376381059272
  0.102019650348944
  0.001257078722109
  0.008939226468334
  0.037262296441787
  0.048669121883150
  0.000114785827617
  0.003402478667998
  0.000816254774164
  0.004444053770446
  0.035756905873335
  0.133250155557804
  0.063567832663706
  0.005804478394052
  0.000000000000000