9 3
0 8
6 4
3 1

Barycentric Coordinates (Regular PYR)
  0.617021126062112  0.170277208558630 -0.070277208558630  0.170277208558630  0.112701665379258
  0.393649167310371  0.050000000000000  0.050000000000000  0.393649167310371  0.112701665379258
  0.262399167310371  0.181250000000000 -0.124899167310371  0.181250000000000  0.500000000000000
  0.221824583655185  0.028175416344814  0.028175416344814  0.221824583655185  0.500000000000000
  0.065277208558630  0.034722791441370 -0.022021126062112  0.034722791441370  0.887298334620742
  0.050000000000000  0.006350832689629  0.006350832689629  0.050000000000000  0.887298334620742
  0.221824583655186  0.221824583655185  0.221824583655185  0.221824583655185  0.112701665379258
  0.125000000000000  0.125000000000000  0.125000000000000  0.125000000000000  0.500000000000000
  0.028175416344814  0.028175416344814  0.028175416344815  0.028175416344814  0.887298334620742

Weights
  0.095456788619205
  0.152730861790727
  0.048498407488789
  0.077597451982063
  0.001540026358374
  0.002464042173398
  0.244369378865164
  0.124155923171300
  0.003942467477437