70 3
21 8
42 4
7 1

Barycentric Coordinates (Regular PYR)
  0.801389908861472  0.148365504627815 -0.022419601817297  0.047218144499389  0.025446043828621
  0.653580095353638  0.296175318135648 -0.006657338983866  0.031455881665959  0.025446043828621
  0.632933084547764  0.215674968813098 -0.103142093617208  0.125299633056045  0.129234407200303
  0.585548575320097  0.263059478040764  0.026458501111018  0.099487401699500  0.025446043828621
  0.538488154355992  0.073592638955868 -0.051435099517032  0.310119899004869  0.129234407200303
  0.487650157901919  0.124430635409941 -0.011897760214051  0.270582559701889  0.129234407200303
  0.430630092209888  0.254405884809709 -0.163564102432870  0.181450701101972  0.297077424311301
  0.390742352850508  0.294293624169088 -0.085471195893224  0.103357794562326  0.297077424311301
  0.359315817916879  0.252764975394981 -0.043942547119117  0.134784329495956  0.297077424311301
  0.270349282664523  0.216927695421167 -0.152310491821015  0.165033513735326  0.500000000000000
  0.258257491306435  0.229019486779254 -0.080480774623604  0.093203796537914  0.500000000000000
  0.240208276221726  0.195174520178123 -0.046635808022472  0.111253011622624  0.500000000000000
  0.160784333231046  0.128733645920736 -0.090341021097273  0.097900466256792  0.702922575688699
  0.153529771099185  0.135988208052598 -0.047733212017160  0.055292657176680  0.702922575688699
  0.142787189414024  0.115897610073814 -0.027642614038376  0.066035238861840  0.702922575688699
  0.077075208859840  0.048870693950678 -0.032169161946264  0.035457666336049  0.870765592799698
  0.070691214537768  0.020150567839071 -0.016862063449286  0.055254688272750  0.870765592799698
  0.065164413068316  0.047368462127573 -0.008975837304109  0.025677369308523  0.870765592799698
  0.016675318174676  0.008123224507417 -0.004834720117632  0.005482221264160  0.974553956171379
  0.014739581375463  0.010058961306630 -0.002499516147110  0.003147017293638  0.974553956171379
  0.013471892804240  0.008685646634596 -0.001126201475076  0.004414705864861  0.974553956171379
  0.892790426430257  0.056964987059030 -0.032166444376937  0.056964987059030  0.025446043828621
  0.718918514295743  0.129689539065118 -0.003743636254600  0.129689539065118  0.025446043828621
  0.691334589132695  0.157273464228166 -0.135115924789330  0.157273464228166  0.129234407200303
  0.577421541089029  0.180811176514779 -0.068278301318890  0.180811176514779  0.129234407200303
  0.475530311131991  0.209505665887606  0.080012313264176  0.209505665887606  0.025446043828621
  0.474877706744643  0.012399271341046  0.012399271341046  0.474877706744643  0.025446043828621
  0.455295301748921  0.229740675270676 -0.211854076601574  0.229740675270676  0.297077424311301
  0.424304026680431  0.424304026680431  0.011078769719418  0.011078769719418  0.129234407200303
  0.424304026680431  0.062972951405259  0.062972951405259  0.424304026680430  0.025446043828621
  0.405436676240468  0.206644117071392  0.052040682416446  0.206644117071392  0.129234407200303
  0.403381429699841  0.208699363612019 -0.117857581235180  0.208699363612019  0.297077424311301
  0.379116358801904  0.379116358801904  0.056266437597945  0.056266437597945  0.129234407200303
  0.342517988509798  0.342517988509798  0.144758989575891  0.144758989575891  0.025446043828621
  0.342517988509798  0.008943299334551  0.008943299334551  0.342517988509798  0.297077424311301
  0.308493892710148  0.185606254702687  0.023216173573178  0.185606254702687  0.297077424311301
  0.306040396655930  0.306040396655930  0.129342399743919  0.129342399743919  0.129234407200303
  0.306040396655930  0.045420891188419  0.045420891188419  0.306040396655930  0.297077424311301
  0.277826431591474  0.209450546494215 -0.196727524579905  0.209450546494215  0.500000000000000
  0.258832624598307  0.176550171801542 -0.111932968201390  0.176550171801542  0.500000000000000
  0.247050073706417  0.104411214137932  0.104411214137932  0.247050073706417  0.297077424311301
  0.243638489042845  0.243638489042845  0.006361510957155  0.006361510957155  0.500000000000000
  0.217691398199924  0.217691398199924  0.032308601800076  0.032308601800076  0.500000000000000
  0.211019698447799  0.140441589396551  0.008097122759100  0.140441589396551  0.500000000000000
  0.175730643922175  0.074269356077825  0.074269356077825  0.175730643922175  0.500000000000000
  0.165270305561644  0.124247673590138 -0.116688228430619  0.124247673590138  0.702922575688699
  0.153907756236097  0.104777043251741 -0.066384418428277  0.104777043251741  0.702922575688699
  0.144758989575891  0.144758989575891  0.003779722579760  0.003779722579760  0.702922575688699
  0.129342399743919  0.129342399743919  0.019196312411732  0.019196312411732  0.702922575688699
  0.125414651077123  0.083407777198741  0.004847218836697  0.083407777198741  0.702922575688699
  0.104411214137932  0.104411214137932  0.044127498017719  0.044127498017719  0.702922575688699
  0.081022851924572  0.044923050885945 -0.041634546496161  0.044923050885945  0.870765592799698
  0.072524180920948  0.040008694274941 -0.023307162270527  0.040008694274941  0.870765592799698
  0.062972951405259  0.062972951405259  0.001644252194892  0.001644252194892  0.870765592799698
  0.056266437597944  0.056266437597944  0.008350766002207  0.008350766002207  0.870765592799698
  0.056226657394453  0.034615124982386  0.003777499841078  0.034615124982386  0.870765592799698
  0.045420891188419  0.045420891188419  0.019196312411732  0.019196312411732  0.870765592799698
  0.017872311399457  0.006926231282636 -0.006278730136108  0.006926231282636  0.974553956171379
  0.015451312775189  0.006706226663647 -0.003417722273862  0.006706226663647  0.974553956171379
  0.012399271341046  0.012399271341047  0.000323750573264  0.000323750573264  0.974553956171379
  0.011421829891222  0.006464768777879  0.001094676381640  0.006464768777879  0.974553956171379
  0.011078769719418  0.001644252194893  0.001644252194892  0.011078769719418  0.974553956171379
  0.008943299334551  0.003779722579760  0.003779722579760  0.008943299334551  0.974553956171379
  0.243638489042845  0.243638489042845  0.243638489042845  0.243638489042845  0.025446043828621
  0.217691398199924  0.217691398199924  0.217691398199924  0.217691398199924  0.129234407200303
  0.175730643922175  0.175730643922175  0.175730643922175  0.175730643922175  0.297077424311301
  0.125000000000000  0.125000000000000  0.125000000000000  0.125000000000000  0.500000000000000
  0.074269356077825  0.074269356077825  0.074269356077825  0.074269356077825  0.702922575688699
  0.032308601800076  0.032308601800076  0.032308601800076  0.032308601800076  0.870765592799698
  0.006361510957155  0.006361510957155  0.006361510957155  0.006361510957155  0.974553956171379

Weights
  0.003149461566034
  0.004299377507240
  0.005431359449487
  0.009287248584940
  0.007414430740384
  0.016016193340968
  0.004831592249651
  0.006595679485767
  0.014247577670895
  0.002675956618236
  0.003652988758100
  0.007890959706919
  0.000863007544261
  0.001178104620926
  0.002544868519962
  0.000119636124328
  0.000163317078557
  0.000352787421939
  0.000002147163308
  0.000002931125030
  0.000006331634462
  0.001457990931661
  0.006803271502262
  0.002514357663337
  0.011732485755579
  0.012678163182197
  0.004706188815818
  0.002236705397979
  0.008115991435338
  0.010166017137727
  0.021863947204306
  0.010436905856257
  0.017531661233818
  0.013877783393685
  0.007219769135499
  0.019449583265763
  0.023932735292319
  0.015595697417671
  0.001238789679157
  0.005780435487281
  0.021289921874388
  0.003998638130457
  0.008637610039182
  0.010772068165666
  0.011791331800734
  0.000399515011409
  0.001864215361580
  0.001289578033455
  0.002785666470600
  0.003474038417108
  0.003802755333017
  0.000055383557066
  0.000258430534305
  0.000178770300408
  0.000386168513161
  0.000481595433035
  0.000527164464363
  0.000000993993597
  0.000004638168980
  0.000003208470950
  0.000008643409745
  0.000006930739913
  0.000009461257636
  0.015190912843944
  0.026197274134443
  0.023304395123745
  0.012907039158752
  0.004162575765305
  0.000577045282044
  0.000010356491096