6 3
0 8
3 4
3 1

Barycentric Coordinates (Regular PYR)
  0.696386004504527  0.125616603353875 -0.008731118274300  0.125616603353875  0.061111907062023
  0.395381507886581  0.042118492113419  0.042118492113419  0.395381507886581  0.125000000000000
  0.367699177820146  0.136941585671762 -0.065183686283395  0.136941585671762  0.423601337119725
  0.249999998377057  0.249999998377057  0.249999998377057  0.249999998377057  0.000000006491772
  0.174899744796558  0.174899744796558  0.174899744796558  0.174899744796558  0.300401020813769
  0.067535529804373  0.067535529804373  0.067535529804373  0.067535529804373  0.729857880782507

Weights
  0.074804169394004
  0.144139084660546
  0.112672374817952
  0.110694334322117
  0.319418262323304
  0.129042971028701