12 3
4 8
8 4
0 1

Barycentric Coordinates (Regular PYR)
  0.573785985627058  0.311649103315933  0.002354733875854  0.063709627734157  0.048500549446998
  0.410792787650230  0.297741119831350 -0.046472146523210  0.099337501489768  0.238600737551862
  0.238696272833856  0.210724135098058 -0.051345164956515  0.084877461920233  0.517047295104368
  0.103250767433893  0.086723402122485 -0.019352435065784  0.033526847612633  0.795851417896773
  0.774700153833986  0.110734935109005 -0.044670573498994  0.110734935109005  0.048500549446998
  0.497440960177428  0.211092947304152 -0.158227592337593  0.211092947304152  0.238600737551862
  0.419438191077115  0.218057422284100  0.095946414907688  0.218057422284100  0.048500549446998
  0.316547218774281  0.193583070365717  0.057685902942423  0.193583070365717  0.238600737551862
  0.260135448949054  0.189284958982860 -0.155752662019142  0.189284958982860  0.517047295104368
  0.192151096102106  0.131422638651983  0.027956331489560  0.131422638651983  0.517047295104368
  0.115918125895310  0.074056043661067 -0.059881631114218  0.074056043661068  0.795851417896773
  0.082152488548267  0.054625126498258  0.012745840558443  0.054625126498258  0.795851417896773

Weights
  0.035574885009765
  0.046024013623187
  0.022018915415918
  0.003321174463911
  0.018975677460124
  0.024549252589130
  0.066694453787881
  0.086284086340177
  0.011744910400681
  0.041280232845815
  0.001771517614145
  0.006226412727519