5 3
0 8
3 4
2 1

Barycentric Coordinates (Regular PYR)
  1.000000000000000  0.000000000000000  0.000000000000000  0.000000000000000  0.000000000000000
  0.500000000000000  0.500000000000000  0.000000000000000  0.000000000000000  0.000000000000000
  0.375000000000000  0.125000000000000 -0.125000000000000  0.125000000000000  0.500000000000000
  0.250000000000000  0.250000000000000  0.250000000000000  0.250000000000000  0.000000000000000
  0.000000000000000  0.000000000000000  0.000000000000000  0.000000000000000  1.000000000000000