8 3
1 8
5 4
2 1

Barycentric Coordinates (Regular PYR)
  0.723606797749979  0.276393202250021  0.000000000000000 -0.000000000000000  0.000000000000000
  1.000000000000000  0.000000000000000  0.000000000000000  0.000000000000000  0.000000000000000
  0.601246117974981  0.122360679774998 -0.122360679774998  0.122360679774998  0.276393202250021
  0.523606797749979  0.200000000000000  0.076393202250021  0.200000000000000  0.000000000000000
  0.361803398874989  0.361803398874989  0.000000000000000  0.000000000000000  0.276393202250021
  0.198753882025019  0.077639320225002 -0.077639320225002  0.077639320225002  0.723606797749979
  0.180901699437495  0.180901699437495  0.180901699437495  0.180901699437495  0.276393202250021
  0.000000000000000  0.000000000000000  0.000000000000000  0.000000000000000  1.000000000000000