10 3
3 8
6 4
1 1

Barycentric Coordinates (Regular PYR)
  0.723606797749979 -0.000000000000000  0.000000000000000  0.276393202250021  0.000000000000000
  0.420344418537486  0.303262379212493 -0.103262379212493  0.103262379212493  0.276393202250021
  0.146737620787507  0.129655581462514 -0.053262379212493  0.053262379212493  0.723606797749979
  1.000000000000000  0.000000000000000  0.000000000000000  0.000000000000000  0.000000000000000
  0.523606797749979  0.200000000000000  0.076393202250021  0.200000000000000  0.000000000000000
  0.492705098312484  0.230901699437495 -0.230901699437495  0.230901699437495  0.276393202250021
  0.332705098312484  0.190901699437495  0.009098300562505  0.190901699437495  0.276393202250021
  0.157294901687516  0.119098300562505 -0.119098300562505  0.119098300562505  0.723606797749979
  0.120901699437495  0.079098300562505 -0.002705098312484  0.079098300562505  0.723606797749979
  0.000000000000000  0.000000000000000  0.000000000000000  0.000000000000000  1.000000000000000

Weights
  0.016368212527466
  0.042852536731989
  0.006252100850410
  0.003273642505493
  0.081841062637332
  0.008570507346398
  0.214262683659944
  0.001250420170082
  0.031260504252052
  0.000000000000000