30 3
5 8
20 4
5 1

Barycentric Coordinates (Regular PYR)
  0.667312904053336  0.241067497212352 -0.021127372372673  0.065836894076318  0.046910077030668
  0.459023586195007  0.132698368339257 -0.096613511416068  0.274126211934646  0.230765344947158
  0.259835828586081  0.216709132898585 -0.101326460425006  0.124781498940340  0.500000000000000
  0.122545886722446  0.097394238117232 -0.044141593688651  0.054966813796131  0.769234655052842
  0.027658871770747  0.017050649932898 -0.006225429825418  0.008425985152441  0.953089922969332
  0.812850378524335  0.095530022741352 -0.050820501037707  0.095530022741352  0.046910077030668
  0.545279145020527  0.187870653109126  0.032069471730552  0.187870653109126  0.046910077030668
  0.522155050966922  0.210994747162731 -0.174909890239543  0.210994747162731  0.230765344947158
  0.454190200632844  0.022354760851822  0.022354760851823  0.454190200632843  0.046910077030668
  0.392815304664945  0.198906649869320 -0.021393949350742  0.198906649869320  0.230765344947158
  0.366574899064827  0.366574899064827  0.109970062419839  0.109970062419839  0.046910077030668
  0.366574899064827  0.366574899064827  0.018042428461594  0.018042428461594  0.230765344947158
  0.295860977267132  0.295860977267132  0.088756350259289  0.088756350259289  0.230765344947158
  0.274561032123533  0.201983929361133 -0.178528890845799  0.201983929361133  0.500000000000000
  0.238272480742333  0.238272480742333  0.011727519257667  0.011727519257667  0.500000000000000
  0.232434590220887  0.152182737305533 -0.036800064831955  0.152182737305533  0.500000000000000
  0.192308663763210  0.057691336236789  0.057691336236789  0.192308663763210  0.500000000000000
  0.131133679946810  0.088806444892869 -0.077981224785389  0.088806444892869  0.769234655052842
  0.109970062419839  0.109970062419839  0.005412610053740  0.005412610053740  0.769234655052842
  0.108834735879596  0.068677964638981 -0.015425320210400  0.068677964638981  0.769234655052842
  0.088756350259289  0.026626322214291  0.026626322214291  0.088756350259289  0.769234655052842
  0.031280949076755  0.013428572626890 -0.011228017299867  0.013428572626890  0.953089922969332
  0.023756702087914  0.012328154835274 -0.001502934727794  0.012328154835274  0.953089922969332
  0.022354760851823  0.022354760851822  0.001100277663511  0.001100277663511  0.953089922969332
  0.018042428461594  0.018042428461594  0.005412610053740  0.005412610053740  0.953089922969332
  0.238272480742333  0.238272480742333  0.238272480742333  0.238272480742333  0.046910077030668
  0.192308663763210  0.192308663763210  0.192308663763210  0.192308663763210  0.230765344947158
  0.125000000000000  0.125000000000000  0.125000000000000  0.125000000000000  0.500000000000000
  0.057691336236790  0.057691336236790  0.057691336236790  0.057691336236790  0.769234655052842
  0.011727519257667  0.011727519257667  0.011727519257667  0.011727519257667  0.953089922969332

Weights
  0.017257590396986
  0.022709859623128
  0.011404218166977
  0.002043797885588
  0.000041806585024
  0.008542712520894
  0.034862981234795
  0.011241650641106
  0.020512042071358
  0.045877401866263
  0.041437473098559
  0.026992505054794
  0.054529002923242
  0.005645223642754
  0.013554835724506
  0.023038270975665
  0.027382848510920
  0.001011704263791
  0.002429219100128
  0.004128785403635
  0.004907395410066
  0.000020694756865
  0.000084455718073
  0.000049690507837
  0.000100382452152
  0.049251788458070
  0.064812130566389
  0.032546730323817
  0.005832836380775
  0.000119312663842