36 3
18 8
18 4
0 1

Barycentric Coordinates (Regular PYR)
  0.746136589873580  0.187473015957561 -0.023797382869530  0.056422534139964  0.033765242898424
  0.567610878895991  0.365998726935150  0.001837575963201  0.030787575307234  0.033765242898424
  0.554853198359759  0.247705925653786 -0.107005388841559  0.135050958061147  0.169395306766868
  0.489528563235482  0.313030560778063  0.054805742120288  0.108869890967743  0.033765242898424
  0.456701667107599  0.345857456905945 -0.029654218217466  0.057699787437054  0.169395306766868
  0.398665828295656  0.291238328125250  0.024964910563229  0.115735626248997  0.169395306766868
  0.348161105194279  0.250237349008946 -0.145329210512000  0.166240349350374  0.380690406958401
  0.316868733522288  0.281529720680937 -0.045764499672688  0.066675638511062  0.380690406958401
  0.280477511140273  0.233923943404379  0.001841277603869  0.103066860893077  0.380690406958401
  0.200013052773912  0.167823250124439 -0.103336081854517  0.116190185914567  0.619309593041599
  0.189726526727577  0.178109776170774 -0.033184590220621  0.046038694280671  0.619309593041599
  0.168826765829178  0.066938455179070 -0.002451286909148  0.147376472859301  0.619309593041599
  0.095893452522776  0.044807084289451 -0.039087410610614  0.067782180565256  0.830604693233132
  0.086910255752809  0.076765377335223 -0.012278209065300  0.017997882744137  0.830604693233132
  0.076886775724639  0.063813761087587  0.000673407182335  0.028021362772306  0.830604693233132
  0.021220785711329  0.011404365559106 -0.005684691880269  0.006824783508259  0.966234757101576
  0.018083864908266  0.002827273930107 -0.001687182302118  0.014541286362168  0.966234757101576
  0.015864754924225  0.012180814295363  0.000673289764688  0.005046383914149  0.966234757101576
  0.860732023275022  0.072877582556120 -0.040252431285685  0.072877582556120  0.033765242898424
  0.645815925224234  0.156743198789311  0.006932434298721  0.156743198789311  0.033765242898424
  0.617856545055677  0.184702578957868 -0.156657009738280  0.184702578957868  0.169395306766868
  0.493791894159939  0.196112262260966 -0.055411725448740  0.196112262260966  0.169395306766868
  0.368247639925183  0.230150814278042 -0.209239675439668  0.230150814278042  0.380690406958401
  0.367885837131061  0.230512617072164  0.137323685826187  0.230512617072164  0.033765242898424
  0.321700268289396  0.192701186255256 -0.087793047758311  0.192701186255256  0.380690406958401
  0.308253068567373  0.206148385977280  0.110054852711199  0.206148385977280  0.169395306766868
  0.223784424371852  0.159759947661498  0.076005273346750  0.159759947661498  0.380690406958401
  0.206615961139435  0.161220341758916 -0.148366237698866  0.161220341758916  0.619309593041599
  0.187820803469671  0.128382435218808 -0.063895266948886  0.128382435218808  0.619309593041599
  0.136267486956541  0.099497734051707  0.045427451898446  0.099497734051707  0.619309593041599
  0.101659755435380  0.062015877652652 -0.056296203973815  0.062015877652652  0.830604693233132
  0.088462810254311  0.052237726557915 -0.023542956603274  0.052237726557915  0.830604693233132
  0.061271416147177  0.043636722349768  0.020850445920154  0.043636722349768  0.830604693233132
  0.023234371300791  0.009390779969644 -0.008250688341654  0.009390779969644  0.966234757101576
  0.019126850554723  0.008918718664864 -0.003199044986028  0.008918718664864  0.966234757101576
  0.012407652176940  0.008503486661434  0.004350617398617  0.008503486661434  0.966234757101576

Weights
  0.006990520167917
  0.009066824298505
  0.010877616947287
  0.019092201885767
  0.014108455347877
  0.029708470014404
  0.007843435347360
  0.010173069883637
  0.021421646391499
  0.002963702270425
  0.003843972567643
  0.008094333571336
  0.000452426200150
  0.000586804524737
  0.001235646581969
  0.000008536580460
  0.000011072090958
  0.000023314733904
  0.003319775188681
  0.014720084777027
  0.005165744749484
  0.022905225904498
  0.003724821820798
  0.024762912603315
  0.016516086139934
  0.038532394060494
  0.027784241995013
  0.001407452525372
  0.006240729963809
  0.010498489174184
  0.000214855724308
  0.000952683328505
  0.001602654764545
  0.000004053994170
  0.000017975656327
  0.000030239608898