19 3
4 8
12 4
3 1

Barycentric Coordinates (Regular PYR)
  0.791031557108150  0.176357695893242  0.001140431529046  0.024029674392677  0.007440641076885
  0.549507910036256  0.243955464901158 -0.027686447730622  0.072423059866157  0.161800012927051
  0.525360848258533  0.333796878338991  0.040219278081219  0.073372740046583  0.027250255274674
  0.331188163033188  0.289805010735724 -0.004411576670854  0.024947839312892  0.358470563589051
  0.807258970930199  0.079083898232591 -0.038325178871042  0.079083898232591  0.072898411475661
  0.604829410933928  0.159057592874069  0.017242381525208  0.159057592874069  0.059813021792727
  0.547799655152572  0.133823877917222 -0.099069750784770  0.133823877917222  0.283622339797755
  0.464492139683682  0.464492139683681  0.003927061676361  0.003927061676361  0.063161597279914
  0.420194051905454  0.226137959978521  0.120596055262042  0.226137959978521  0.006933972875463
  0.358862946522886  0.152312277981076 -0.012597944383588  0.152312277981076  0.349110441898549
  0.356292616579671  0.222672973421925  0.132530556595855  0.222672973421925  0.065830879980623
  0.319491118315880  0.319491118315880  0.092143676103253  0.092143676103253  0.176730411161732
  0.317879023583707  0.120441709531681 -0.085811912415222  0.120441709531681  0.527049469768153
  0.203453239797631  0.114013218605198  0.021455304845634  0.114013218605198  0.547065018146339
  0.186863293447198  0.012089801198845  0.012089801198845  0.186863293447198  0.602093810707914
  0.131851351322529  0.059629616987962 -0.026374903231650  0.059629616987962  0.775264317933197
  0.162215798414912  0.162215798414912  0.162215798414912  0.162215798414912  0.351136806340353
  0.064521608009175  0.064521608009175  0.064521608009175  0.064521608009175  0.741913567963300
  0.020801054555218  0.020801054555218  0.020801054555218  0.020801054555218  0.916795781779127

Weights
  0.004754678126641
  0.031662773632152
  0.016799650451563
  0.015472908898869
  0.009600676296988
  0.028355963164209
  0.012908551725519
  0.010705393619908
  0.011068564575149
  0.056249280627400
  0.029444233957784
  0.077727552779971
  0.013328295627822
  0.030039663401211
  0.017364191685597
  0.009342041054404
  0.088465522055075
  0.018567041566209
  0.004527796605188