13 3
1 8
9 4
3 1

Barycentric Coordinates (Regular PYR)
  0.748603131604751  0.044361365083654 -0.014527365441294  0.176087064529138  0.045475804223751
  0.624069064337078  0.120090299418165 -0.109820468209658  0.120090299418165  0.245570805036251
  0.480320624729403  0.166234586747812 -0.003104619311436  0.166234586747812  0.190314821086409
  0.473673777966115  0.202122884771755  0.074677220870888  0.202122884771755  0.047403231619488
  0.449024020362655  0.050975975975526  0.050975975975526  0.449024020362655  0.000000007323639
  0.401314674063100  0.401314674063099  0.024803327288626  0.024803327288626  0.147763997296550
  0.338636593992146  0.142926760137396 -0.026675820487444  0.142926760137396  0.402185706220506
  0.285676314535195  0.285676314535195  0.003231835164275  0.003231835164275  0.422183700601059
  0.199652733550660  0.086909813717742 -0.046925208911627  0.086909813717742  0.673452847925485
  0.035478749448535  0.035437410561930  0.035396066777022  0.035437410561930  0.858250362650582
  0.232139892446137  0.232139892446136  0.232139892446137  0.232139892446136  0.071440430215454
  0.182137401145203  0.182137401145203  0.182137401145203  0.182137401145203  0.271450395419189
  0.103798641472968  0.103798641472969  0.103798641472968  0.103798641472968  0.584805434108126

Weights
  0.018977636228535
  0.011720144097963
  0.077276515204963
  0.055295690316782
  0.017679667153701
  0.060791802933397
  0.068559912461241
  0.030756352789350
  0.023824972329607
  0.004927596799009
  0.072521960417009
  0.164717582059411
  0.093226834515368