16 3
1 8
13 4
2 1

Barycentric Coordinates (Regular PYR)
  0.638936332481539  0.242985934910667 -0.016747958060407  0.051492357334868  0.083333333333333
  0.842959204971812  0.072564392161121 -0.003435786542064  0.072564392161121  0.015347797248010
  0.757885195425257  0.088052031123606 -0.086193967477932  0.088052031123606  0.152204709805464
  0.542829474544655  0.189026603244461  0.059613306474011  0.189026603244461  0.019504012492412
  0.526437346424036  0.150571105526800 -0.040748159184197  0.150571105526800  0.213168601706560
  0.481455022908928  0.481455022908928  0.018544974978507  0.018544974978507  0.000000004225129
  0.415250004642910  0.137760298975150 -0.087534972492100  0.137760298975150  0.396764369898890
  0.383249711129398  0.075083622203935  0.075083622203935  0.383249711129398  0.083333333333333
  0.351591301899077  0.351591301899077  0.013542805840895  0.013542805840895  0.269731784520057
  0.340196631089803  0.189643545433327  0.079695556106372  0.189643545433327  0.200820721937171
  0.260436973489029  0.142413727596660  0.032470034728204  0.142413727596660  0.422265536589445
  0.224638339709849  0.224638339709849  0.008652755067259  0.008652755067259  0.533417810445783
  0.200668337707379  0.089238564750330 -0.041133475923391  0.089238564750330  0.661988008715351
  0.078238537243054  0.035036713910489 -0.014457335843670  0.035036713910489  0.866145370779638
  0.240713517267124  0.240713517267124  0.240713517267124  0.240713517267124  0.037145930931506
  0.076449934207419  0.076449934207418  0.076449934207418  0.076449934207418  0.694200263170326

Weights
  0.025110938074666
  0.008672712891595
  0.003882446529439
  0.030087316485958
  0.043496152190989
  0.007869386282303
  0.024342223806207
  0.054924326476925
  0.042037576129984
  0.069979588439826
  0.064574290007048
  0.021763439139859
  0.019045826544822
  0.004183617406936
  0.060430041568479
  0.044864927670759