20 3
4 8
14 4
2 1

Barycentric Coordinates (Regular PYR)
  0.623862391379400  0.318245507532254 -0.004687297926620  0.033201827620268  0.029377571394698
  0.416775229993513  0.295966386811332 -0.096771532186144  0.109429882938553  0.274600032442745
  0.144305994635973  0.125502221315536 -0.050097043497979  0.054888859989215  0.725399967557255
  0.016579536105515  0.011934993588132 -0.002444610492082  0.003307652193132  0.970622428605302
  0.729308620414627  0.131370399858871 -0.064321539623490  0.131370399858871  0.072272119491120
  0.511872222676756  0.200869394128091  0.068938821823419  0.200869394128091  0.017450167243645
  0.441374600274130  0.199966312712014 -0.040469593599026  0.199966312712014  0.199162367900868
  0.425380041809256  0.231684177190411 -0.211796988891763  0.231684177190411  0.323048592701685
  0.376134258239142  0.376134258239142  0.057532813510110  0.057532813510110  0.132665856501496
  0.259489287299591  0.171761271456977  0.053684872044482  0.171761271456977  0.343303297741972
  0.258066681881835  0.175600389867417 -0.109267461616669  0.175600389867417  0.500000000000000
  0.226576791762453  0.226576791762453  0.023423208237547  0.023423208237547  0.500000000000000
  0.177674046154991  0.135884163450643 -0.126393780354593  0.135884163450643  0.676951407298315
  0.133012265667187  0.092433877834272  0.025423276406241  0.092433877834272  0.656696702258028
  0.098921478118936  0.060575240994051 -0.020909592206171  0.060575240994051  0.800837632099132
  0.057532813510110  0.057532813510110  0.008800114740638  0.008800114740638  0.867334143498504
  0.045503742059000  0.021545118176382 -0.016321858920643  0.021545118176382  0.927727880508880
  0.008235276402157  0.004423074350251  0.000368742140985  0.004423074350251  0.982549832756355
  0.226576791762453  0.226576791762453  0.226576791762453  0.226576791762453  0.093692832950187
  0.023423208237547  0.023423208237547  0.023423208237547  0.023423208237547  0.906307167049813

Weights
  0.015064985648250
  0.022861534002524
  0.003276057176710
  0.000013800660047
  0.027169926474688
  0.041942998660085
  0.053303230427788
  0.007327959628885
  0.077236493419365
  0.065864656287751
  0.025667860520385
  0.035793227946605
  0.001668798052029
  0.018000257153257
  0.003296697863175
  0.001807040941809
  0.000164887915929
  0.000013229684633
  0.117601181865389
  0.001256821492963