128
-9.95660509737296e-01 1.00176922096109e+00
-9.79374407611941e-01 1.00130047899625e+00
-9.58125592387799e-01 1.00110571428263e+00
-9.41839490262444e-01 1.00195999748529e+00
-9.33160509737037e-01 1.00125474512815e+00
-9.16874407611688e-01 1.00116044304968e+00
-8.95625592387553e-01 1.00108591916823e+00
-8.79339490262204e-01 1.00104871020475e+00
-8.70660509736844e-01 1.00107017737220e+00
-8.54374407611664e-01 1.00092247534594e+00
-8.33125592387750e-01 1.00087301427018e+00
-8.16839490262570e-01 1.00085792549241e+00
-8.08160509737258e-01 1.00091672388939e+00
-7.91874407612083e-01 1.00088143719717e+00
-7.70625592388177e-01 1.00086089197442e+00
-7.54339490263003e-01 1.00085062311841e+00
-7.45660509737691e-01 1.00083711417867e+00
-7.29374407612517e-01 1.00084962367947e+00
-7.08125592388611e-01 1.00082622381734e+00
-6.91839490263436e-01 1.00086177678677e+00
-6.83160509738125e-01 1.00088120746708e+00
-6.66874407612950e-01 1.00085857088830e+00
-6.45625592389044e-01 1.00082963722758e+00
-6.29339490263870e-01 1.00081412137522e+00
-6.20660509738558e-01 1.00079859858817e+00
-6.04374407613384e-01 1.00077273264670e+00
-5.83125592389478e-01 1.00073494756838e+00
-5.66839490264303e-01 1.00070153586816e+00
-5.58160509738990e-01 1.00066131176449e+00
-5.41874407613810e-01 1.00066647525477e+00
-5.20625592389897e-01 1.00045660798436e+00
-5.04339490264717e-01 1.00043914304040e+00
-4.95660509739357e-01 1.00040512295961e+00
-4.79374407614008e-01 1.00034770934250e+00
-4.58125592389873e-01 1.00026763544682e+00
-4.41839490264523e-01 1.00020104116327e+00
-4.33160509739117e-01 1.00013619700707e+00
-4.16874407613762e-01 1.00011952340540e+00
-3.95625592389620e-01 9.99876940056541e-01
-3.79339490264265e-01 9.99820785832955e-01
-3.70660509738857e-01 9.99735442311242e-01
-3.54374407613502e-01 9.99656872718398e-01
-3.33125592389360e-01 9.99575509179029e-01
-3.16839490264005e-01 9.99529196817059e-01
-3.08160509738597e-01 9.99507766493129e-01
-2.91874407613242e-01 9.99476093034325e-01
-2.70625592389100e-01 9.99448592470434e-01
-2.54339490263744e-01 9.99433691880113e-01
-2.45660509738337e-01 9.99429796970320e-01
-2.29374407612981e-01 9.99490377076087e-01
-2.08125592388839e-01 9.99290565056250e-01
-1.91839490263484e-01 9.99453392809928e-01
-1.83160509738077e-01 9.99430031228382e-01
-1.66874407612721e-01 9.99488771092207e-01
-1.45625592388579e-01 9.99629099724017e-01
-1.29339490263224e-01 9.99699017499024e-01
-1.20660509737816e-01 9.99534512884364e-01
-1.04374407612461e-01 1.00037169255636e+00
-8.31255923883192e-02 9.99491076726353e-01
-6.68394902629640e-02 9.99442674512898e-01
-5.81605097375562e-02 9.99036687369966e-01
-4.18744076122010e-02 1.00039177826859e+00
-2.06255923880591e-02 1.00527738945526e+00
-4.33949026270392e-03 1.00445496960417e+00
4.33949026267703e-03 1.00397809837418e+00
2.06255923879313e-02 1.00389555282681e+00
4.18744076119416e-02 1.00064248498371e+00
5.81605097371959e-02 9.99504276427655e-01
6.68394902625519e-02 9.98955725444775e-01
8.31255923878132e-02 9.98180295569573e-01
1.04374407611833e-01 9.97655262656123e-01
1.20660509737094e-01 9.96588051222841e-01
1.29339490262446e-01 9.96311786632584e-01
1.45625592387687e-01 9.95617597385960e-01
1.66874407611679e-01 9.94826926429616e-01
1.83160509736920e-01 9.94342139530202e-01
1.91839490262267e-01 9.94011408685226e-01
2.08125592387506e-01 9.93980850362600e-01
2.29374407611498e-01 9.93923740903724e-01
2.45660509736738e-01 9.94568896869175e-01
2.54339490262084e-01 9.94493521311454e-01
2.70625592387324e-01 9.94585918992905e-01
2.91874407611315e-01 9.94643054749120e-01
3.08160509736555e-01 9.94686903813321e-01
3.16839490261902e-01 9.94708740795271e-01
3.33125592387142e-01 9.94756372888498e-01
3.54374407611133e-01 9.94828471190594e-01
3.70660509736373e-01 9.94897210876192e-01
3.79339490261719e-01 9.94961120431880e-01
3.95625592386959e-01 9.95013437241367e-01
4.16874407610951e-01 9.95230710093520e-01
4.33160509736190e-01 9.95275525468323e-01
4.41839490261538e-01 9.95347183848936e-01
4.58125592386780e-01 9.95447298469428e-01
4.79374407610775e-01 9.95602608473276e-01
4.95660509736018e-01 9.95740199182059e-01
5.04339490261389e-01 9.95789119664845e-01
5.20625592386716e-01 9.96012685455931e-01
5.41874407610822e-01 9.96397824763791e-01
5.58160509736150e-01 9.96670272709265e-01
5.66839490261543e-01 9.96736752696456e-01
5.83125592386874e-01 9.96899473387780e-01
6.04374407610983e-01 9.97069395636774e-01
6.20660509736314e-01 9.97194132574023e-01
6.29339490261708e-01 9.97251632076081e-01
6.45625592387039e-01 9.97356796625581e-01
6.66874407611148e-01 9.97476668189898e-01
6.83160509736479e-01 9.97560050727679e-01
6.91839490261873e-01 9.97553188301444e-01
7.08125592387203e-01 9.97562359955193e-01
7.29374407611313e-01 9.97689417076761e-01
7.45660509736643e-01 9.97769936017601e-01
7.54339490262038e-01 9.97838857452365e-01
7.70625592387368e-01 9.97958349657475e-01
7.91874407611478e-01 9.98138005325836e-01
8.08160509736808e-01 9.98297678844913e-01
8.16839490262203e-01 9.98321383330340e-01
8.33125592387533e-01 9.98503691441812e-01
8.54374407611643e-01 9.98776680996022e-01
8.70660509736973e-01 9.99100575350573e-01
8.79339490262367e-01 9.99180251651562e-01
8.95625592387698e-01 9.99429485208468e-01
9.16874407611807e-01 9.99776699544355e-01
9.33160509737138e-01 9.99995898786364e-01
9.41839490262532e-01 1.00098890937651e+00
9.58125592387863e-01 1.00009756530909e+00
9.79374407611972e-01 1.00086414053914e+00
9.95660509737303e-01 1.00336125978283e+00
