48
-9.85912291827537e-01 1.00573820997514e+00
-9.37499999999751e-01 1.00268557000268e+00
-8.89087708171965e-01 1.00070990507681e+00
-8.60912291827189e-01 1.00073728311691e+00
-8.12499999999924e-01 1.00039397846089e+00
-7.64087708172659e-01 1.00030918318645e+00
-7.35912291828037e-01 1.00024111832719e+00
-6.87500000000780e-01 1.00155370695907e+00
-6.39087708173524e-01 1.00127018061019e+00
-6.10912291828902e-01 1.00123177660857e+00
-5.62500000001637e-01 1.00054504954869e+00
-5.14087708174371e-01 1.00037294583504e+00
-4.85912291829596e-01 1.00010487084033e+00
-4.37500000001810e-01 9.99894122117690e-01
-3.89087708174024e-01 9.99459948940107e-01
-3.60912291829095e-01 9.99155624688254e-01
-3.12500000001301e-01 9.98777641629236e-01
-2.64087708173506e-01 9.98315320112097e-01
-2.35912291828575e-01 9.98021428002533e-01
-1.87500000000780e-01 9.97591004916789e-01
-1.39087708172986e-01 9.97970962914192e-01
-1.10912291828054e-01 9.98573782934000e-01
-6.25000000002602e-02 9.95652187642405e-01
-1.40877081724659e-02 9.97312574720531e-01
1.40877081723817e-02 9.94523121904550e-01
6.24999999998865e-02 9.96832015363641e-01
1.10912291827391e-01 9.95150422624054e-01
1.39087708172140e-01 9.94650743786617e-01
1.87499999999592e-01 9.92295614904685e-01
2.35912291827044e-01 9.91988206845678e-01
2.64087708171777e-01 9.92109404482676e-01
3.12499999999229e-01 9.92872458518455e-01
3.60912291826680e-01 9.93191123847955e-01
3.89087708171414e-01 9.93539501773329e-01
4.37499999998869e-01 9.94031005005602e-01
4.85912291826325e-01 9.94438873225819e-01
5.14087708171135e-01 9.94993795217295e-01
5.62499999998851e-01 9.95421636380551e-01
6.10912291826568e-01 9.96643284960173e-01
6.39087708171455e-01 9.96654663337876e-01
6.87499999999176e-01 9.97420444967613e-01
7.35912291826896e-01 9.96321995483670e-01
7.64087708171785e-01 9.96716910275306e-01
8.12499999999506e-01 9.97534367864439e-01
8.60912291827226e-01 9.98629471494346e-01
8.89087708172115e-01 9.99389749714180e-01
9.37499999999835e-01 1.00248773580556e+00
9.85912291827556e-01 1.00581411157934e+00
