48
-9.85912291827537e-01 9.91041565293360e-01
-9.37499999999751e-01 9.91208036153862e-01
-8.89087708171965e-01 9.91842761859750e-01
-8.60912291827189e-01 9.92188725426093e-01
-8.12499999999924e-01 9.92642317624457e-01
-7.64087708172659e-01 9.93157205821786e-01
-7.35912291828037e-01 9.93262907397065e-01
-6.87500000000780e-01 9.93218705654284e-01
-6.39087708173524e-01 9.92963010367457e-01
-6.10912291828902e-01 9.92608329368341e-01
-5.62500000001637e-01 9.91716783837504e-01
-5.14087708174371e-01 9.90480220976430e-01
-4.85912291829596e-01 9.89533587817385e-01
-4.37500000001810e-01 9.87702032049877e-01
-3.89087708174024e-01 9.85413770503217e-01
-3.60912291829095e-01 9.83890613539398e-01
-3.12500000001301e-01 9.81377533453316e-01
-2.64087708173506e-01 9.78487231625613e-01
-2.35912291828575e-01 9.76959278871580e-01
-1.87500000000780e-01 9.74674716222278e-01
-1.39087708172986e-01 9.72582715408115e-01
-1.10912291828054e-01 9.71747217629215e-01
-6.25000000002602e-02 9.70691058921416e-01
-1.40877081724659e-02 9.70179135619402e-01
1.40877081723817e-02 9.70203053251891e-01
6.24999999998865e-02 9.70685764127410e-01
1.10912291827391e-01 9.71742530770594e-01
1.39087708172140e-01 9.72696381906353e-01
1.87499999999592e-01 9.74573763263478e-01
2.35912291827044e-01 9.77014215751185e-01
2.64087708171777e-01 9.78603706299883e-01
3.12499999999229e-01 9.81154200841954e-01
3.60912291826680e-01 9.83952316866299e-01
3.89087708171414e-01 9.85372388236867e-01
4.37499999998869e-01 9.87534616385101e-01
4.85912291826325e-01 9.89503154894310e-01
5.14087708171135e-01 9.90380158504630e-01
5.62499999998851e-01 9.91620748141556e-01
6.10912291826568e-01 9.92517317342515e-01
6.39087708171455e-01 9.92828315455740e-01
6.87499999999176e-01 9.93150006919130e-01
7.35912291826896e-01 9.93108979043091e-01
7.64087708171785e-01 9.92930773183006e-01
8.12499999999506e-01 9.92552832214194e-01
8.60912291827226e-01 9.91859968682764e-01
8.89087708172115e-01 9.91498748196228e-01
9.37499999999835e-01 9.90814335635469e-01
9.85912291827556e-01 9.90201682042394e-01
