160
-9.97068120185571e-01 9.90979300019860e-01
-9.85577165940743e-01 9.90997883200350e-01
-9.68749999999870e-01 9.91064214968505e-01
-9.51922834058997e-01 9.91168059185257e-01
-9.40431879814169e-01 9.91257994068342e-01
-9.34568120185312e-01 9.91308729256294e-01
-9.23077165940487e-01 9.91417191986362e-01
-9.06249999999621e-01 9.91593693794627e-01
-8.89422834058754e-01 9.91785687579770e-01
-8.77931879813929e-01 9.91922381759023e-01
-8.72068120185104e-01 9.91993064651059e-01
-8.60577165940399e-01 9.92132151143442e-01
-8.43749999999707e-01 9.92333323095785e-01
-8.26922834059015e-01 9.92526121323437e-01
-8.15431879814311e-01 9.92649970124402e-01
-8.09568120185517e-01 9.92710134083966e-01
-7.98077165940816e-01 9.92821059956851e-01
-7.81250000000130e-01 9.92964549145699e-01
-7.64422834059444e-01 9.93082242300087e-01
-7.52931879814743e-01 9.93146220175223e-01
-7.47068120185951e-01 9.93173419438700e-01
-7.35577165941250e-01 9.93215549151581e-01
-7.18750000000564e-01 9.93249435177489e-01
-7.01922834059878e-01 9.93248550957151e-01
-6.90431879815177e-01 9.93227126299714e-01
-6.84568120186384e-01 9.93209474261937e-01
-6.73077165941683e-01 9.93161440460322e-01
-6.56250000000997e-01 9.93058110663476e-01
-6.39422834060311e-01 9.92914325714934e-01
-6.27931879815610e-01 9.92792197300548e-01
-6.22068120186818e-01 9.92722243360990e-01
-6.10577165942117e-01 9.92569947725731e-01
-5.93750000001431e-01 9.92310054015658e-01
-5.76922834060745e-01 9.92005525116479e-01
-5.65431879816044e-01 9.91771549388086e-01
-5.59568120187250e-01 9.91643920757194e-01
-5.48077165942545e-01 9.91377582546074e-01
-5.31250000001854e-01 9.90948419861247e-01
-5.14422834061162e-01 9.90472348787426e-01
-5.02931879816457e-01 9.90120116816678e-01
-4.97068120187632e-01 9.89931869949031e-01
-4.85577165942807e-01 9.89546325150107e-01
-4.68750000001940e-01 9.88942030079233e-01
-4.51922834061073e-01 9.88291059610798e-01
-4.40431879816249e-01 9.87820139130234e-01
-4.34568120187392e-01 9.87571748752182e-01
-4.23077165942564e-01 9.87069500127044e-01
-4.06250000001691e-01 9.86298205298487e-01
-3.89422834060818e-01 9.85486885693338e-01
-3.77931879815990e-01 9.84911608411883e-01
-3.72068120187132e-01 9.84611929024478e-01
-3.60577165942303e-01 9.84013593215054e-01
-3.43750000001431e-01 9.83114111204618e-01
-3.26922834060558e-01 9.82192458323568e-01
-3.15431879815730e-01 9.81553925837207e-01
-3.09568120186872e-01 9.81226166662331e-01
-2.98077165942043e-01 9.80581665859901e-01
-2.81250000001171e-01 9.79637691237637e-01
-2.64422834060298e-01 9.78701354853671e-01
-2.52931879815469e-01 9.78071116306812e-01
-2.47068120186612e-01 9.77753470164319e-01
-2.35577165941783e-01 9.77140548912586e-01
-2.18750000000910e-01 9.76270912610672e-01
-2.01922834060038e-01 9.75441579565166e-01
-1.90431879815209e-01 9.74902256126360e-01
-1.84568120186351e-01 9.74636241018020e-01
-1.73077165941523e-01 9.74134246344519e-01
-1.56250000000650e-01 9.73448099613756e-01
-1.39422834059778e-01 9.72824096907102e-01
-1.27931879814949e-01 9.72435523314191e-01
-1.22068120186091e-01 9.72249320413201e-01
-1.10577165941263e-01 9.71908620453799e-01
-9.37500000003902e-02 9.71468436515046e-01
-7.69228340595176e-02 9.71099292641416e-01
-6.54318798146891e-02 9.70888437087141e-01
-5.95681201858312e-02 9.70793808555978e-01
-4.80771659410027e-02 9.70633848905700e-01
-3.12500000001301e-02 9.70460544478460e-01
-1.44228340592574e-02 9.70359774862538e-01
-2.93187981442895e-03 9.70332619868577e-01
2.93187981441079e-03 9.70331808973256e-01
1.44228340591681e-02 9.70355743054978e-01
3.12499999999365e-02 9.70451842135454e-01
4.80771659407049e-02 9.70620467857839e-01
5.95681201854621e-02 9.70777271282446e-01
6.54318798142850e-02 9.70870297812607e-01
7.69228340590473e-02 9.71077992445904e-01
9.37499999998230e-02 9.71442624698343e-01
1.10577165940599e-01 9.71878311489730e-01
1.22068120185361e-01 9.72216040092890e-01
1.27931879814181e-01 9.72400721752291e-01
1.39422834058929e-01 9.72786365036518e-01
1.56249999999683e-01 9.73406214145069e-01
1.73077165940437e-01 9.74088325552484e-01
1.84568120185185e-01 9.74587692024871e-01
1.90431879814002e-01 9.74852360620503e-01
2.01922834058749e-01 9.75389213137551e-01
2.18749999999502e-01 9.76215006729699e-01
2.35577165940256e-01 9.77081406665208e-01
2.47068120185003e-01 9.77692205191676e-01
2.52931879813819e-01 9.78008816548720e-01
2.64422834058566e-01 9.78637192695991e-01
2.81249999999320e-01 9.79570879802729e-01
2.98077165940073e-01 9.80512593620728e-01
3.09568120184820e-01 9.81155604686119e-01
3.15431879813637e-01 9.81482698022378e-01
3.26922834058384e-01 9.82119985862915e-01
3.43749999999137e-01 9.83039984462679e-01
3.60577165939891e-01 9.83938085048418e-01
3.72068120184638e-01 9.84535565398545e-01
3.77931879813454e-01 9.84834870997219e-01
3.89422834058201e-01 9.85409434229874e-01
4.06249999998955e-01 9.86219887091542e-01
4.23077165939708e-01 9.86990433843815e-01
4.34568120184455e-01 9.87492256752289e-01
4.40431879813272e-01 9.87740446169162e-01
4.51922834058021e-01 9.88210974668350e-01
4.68749999998778e-01 9.88861461740595e-01
4.85577165939534e-01 9.89465250867791e-01
4.97068120184283e-01 9.89850469227416e-01
5.02931879813116e-01 9.90038528816913e-01
5.14422834057925e-01 9.90390366010818e-01
5.31249999998769e-01 9.90865792176292e-01
5.48077165939613e-01 9.91294133810141e-01
5.59568120184422e-01 9.91559811280355e-01
5.65431879813270e-01 9.91687043343065e-01
5.76922834058081e-01 9.91920176581639e-01
5.93749999998928e-01 9.92223163817578e-01
6.10577165939775e-01 9.92481149953535e-01
6.22068120184586e-01 9.92631856727452e-01
6.27931879813435e-01 9.92700921116748e-01
6.39422834058246e-01 9.92821081051455e-01
6.56249999999093e-01 9.92961468363550e-01
6.73077165939940e-01 9.93060656679567e-01
6.84568120184751e-01 9.93105398608548e-01
6.90431879813600e-01 9.93121191371951e-01
7.01922834058411e-01 9.93138661610485e-01
7.18749999999258e-01 9.93132783610963e-01
7.35577165940105e-01 9.93090917051464e-01
7.47068120184916e-01 9.93042481153372e-01
7.52931879813765e-01 9.93011788120579e-01
7.64422834058576e-01 9.92940359550357e-01
7.81249999999423e-01 9.92810084566163e-01
7.98077165940270e-01 9.92651800180876e-01
8.09568120185081e-01 9.92529240581815e-01
8.15431879813930e-01 9.92462653118300e-01
8.26922834058741e-01 9.92324962879049e-01
8.43749999999588e-01 9.92108909291015e-01
8.60577165940435e-01 9.91879972978743e-01
8.72068120185246e-01 9.91718952974170e-01
8.77931879814095e-01 9.91635959371904e-01
8.89422834058906e-01 9.91472567807075e-01
9.06249999999753e-01 9.91234624080466e-01
9.23077165940600e-01 9.91001333992400e-01
9.34568120185411e-01 9.90846288047657e-01
9.40431879814260e-01 9.90768702810724e-01
9.51922834059071e-01 9.90618746923847e-01
9.68749999999918e-01 9.90405176513215e-01
9.85577165940765e-01 9.90191428051297e-01
9.97068120185576e-01 9.90040927287505e-01
