n_vars  5
ml_max  6
p_max   6

Cases Run
           0           0           0           0
           0           0           0           1
           0           0           0           1
           0           0           0           1
           0           0           0           1
           0           0           0           1


Mesh Size
           0           0           0           0
           0           0           0  6.2500e-02
           0           0           0  3.1250e-02
           0           0           0  1.5625e-02
           0           0           0  7.8125e-03
           0           0           0  3.9062e-03


L2 Errors

$s$
           0           0           0           0
           0           0           0  5.1928e-05
           0           0           0  8.0268e-07
           0           0           0  3.6887e-08
           0           0           0  2.4731e-09
           0           0           0  1.4584e-10

$\rho_{res}$
           0           0           0           0
           0           0           0  3.5808e-04
           0           0           0  4.1316e-05
           0           0           0  1.6826e-06
           0           0           0  6.9462e-08
           0           0           0  3.8743e-09

$u_{res}$
           0           0           0           0
           0           0           0  4.4576e-04
           0           0           0  2.6405e-05
           0           0           0  1.2107e-06
           0           0           0  1.0007e-07
           0           0           0  5.5069e-09

$v_{res}$
           0           0           0           0
           0           0           0  1.4526e-15
           0           0           0  4.3674e-05
           0           0           0  1.7717e-06
           0           0           0  2.3836e-08
           0           0           0  1.0493e-09

$E_{res}$
           0           0           0           0
           0           0           0  1.2533e-03
           0           0           0  1.4342e-04
           0           0           0  5.8847e-06
           0           0           0  2.4341e-07
           0           0           0  1.3573e-08


Convergence Orders

$s$
           0           0           0           0
           0           0           0           0
           0           0           0  6.0156e+00
           0           0           0  4.4436e+00
           0           0           0  3.8987e+00
           0           0           0  4.0838e+00

$\rho_{res}$
           0           0           0           0
           0           0           0           0
           0           0           0  3.1155e+00
           0           0           0  4.6179e+00
           0           0           0  4.5984e+00
           0           0           0  4.1641e+00

$u_{res}$
           0           0           0           0
           0           0           0           0
           0           0           0  4.0774e+00
           0           0           0  4.4469e+00
           0           0           0  3.5967e+00
           0           0           0  4.1836e+00

$v_{res}$
           0           0           0           0
           0           0           0           0
           0           0           0 -3.4807e+01
           0           0           0  4.6236e+00
           0           0           0  6.2158e+00
           0           0           0  4.5055e+00

$E_{res}$
           0           0           0           0
           0           0           0           0
           0           0           0  3.1274e+00
           0           0           0  4.6071e+00
           0           0           0  4.5955e+00
           0           0           0  4.1645e+00

