10 2
9 3 
1 1 

Barycentric Coordinates (Regular TRI)
 1.000000000000000  0.000000000000000  0.000000000000000 
 0.915111948139283 -0.000000000000000  0.084888051860717 
 0.915111948139284  0.084888051860716  0.000000000000000 
 0.769516496193442  0.115241751903279  0.115241751903279 
 0.734424396735357 -0.000000000000000  0.265575603264643 
 0.734424396735357  0.265575603264643  0.000000000000000 
 0.554432326285505  0.127952301982839  0.317615371731655 
 0.554432326285505  0.317615371731655  0.127952301982839 
 0.500000000000000  0.000000000000000  0.500000000000000 
 0.333333333333333  0.333333333333333  0.333333333333333 
