8 3
4 6 
4 3 
0 1 

Barycentric Coordinates (Regular TRI)
 0.879979641427231  0.101763679498021  0.018256679074748 
 0.751530614542782  0.226245530909229  0.022223854547989 
 0.635737183263105  0.249079227621332  0.115183589115563 
 0.582562022863672  0.394033271669987  0.023404705466341 
 0.957657154441070  0.021171422779465  0.021171422779465 
 0.798831205208224  0.100584397395888  0.100584397395888 
 0.457923384576136  0.271038307711932  0.271038307711932 
 0.440191258403832  0.440191258403832  0.119617483192336 

Weights
 0.017089718497049 
 0.028829241043047 
 0.076775296530355 
 0.038119328897236 
 0.009767248909098 
 0.047023392282097 
 0.109293986511738 
 0.089638471551316 
