9 2
8 3 
1 1 

Barycentric Coordinates (Regular TRI)
 0.935889253566113  0.032055373216944  0.032055373216943 
 0.807930600922879  0.028367665339938  0.163701733737183 
 0.807930600922879  0.163701733737183  0.028367665339939 
 0.715677797886871  0.142161101056565  0.142161101056564 
 0.601233328683459  0.029619889488730  0.369146781827811 
 0.601233328683459  0.369146781827811  0.029619889488730 
 0.530054118927344  0.148132885783821  0.321812995288835 
 0.530054118927344  0.321812995288835  0.148132885783821 
 0.333333333333333  0.333333333333333  0.333333333333333 

Weights
 0.023128020416258 
 0.043817001666591 
 0.043817001666591 
 0.079601527975819 
 0.059209547457112 
 0.059209547457112 
 0.110686544731540 
 0.110686544731540 
 0.141583599261193 
