9 3
4 6 
4 3 
1 1 

Barycentric Coordinates (Regular TRI)
 0.864707770295443  0.110922042803464  0.024370186901094 
 0.748507115899952  0.163597401067851  0.087895483032197 
 0.722357793124188  0.272515817773430  0.005126389102382 
 0.623545995553676  0.308441760892118  0.068012243554207 
 0.956980637782314  0.021509681108843  0.021509681108843 
 0.557255427416334  0.221372286291833  0.221372286291833 
 0.489076946452539  0.489076946452539  0.021846107094921 
 0.426941414259800  0.426941414259800  0.146117171480399 
 0.333333333333333  0.333333333333333  0.333333333333333 

Weights
 0.025920835069794 
 0.041879325431911 
 0.016611546777323 
 0.060000450314973 
 0.010482955367864 
 0.100941297214601 
 0.041559523238074 
 0.096305432763540 
 0.117710236252632 
