6 2
5 3 
1 1 

Barycentric Coordinates (Regular TRI)
 0.898905543365938  0.050547228317031  0.050547228317031 
 0.728492392955404  0.008394777409957  0.263112829634638 
 0.728492392955404  0.263112829634638  0.008394777409958 
 0.658861384496479  0.170569307751760  0.170569307751760 
 0.459292588292723  0.081414823414554  0.459292588292723 
 0.333333333333333  0.333333333333333  0.333333333333333 

Weights
 0.056219767020733 
 0.047164287656184 
 0.047164287656184 
 0.178777729989795 
 0.164703541925695 
 0.249961964823105 
