7 2
6 3 
1 1 

Barycentric Coordinates (Regular TRI)
 0.910540973211094  0.044729513394453  0.044729513394453 
 0.741198598784498  0.036838412054736  0.221962989160766 
 0.741198598784498  0.221962989160766  0.036838412054736 
 0.623592928761935  0.188203535619033  0.188203535619033 
 0.489682519198738  0.020634961602525  0.489682519198738 
 0.437089591492937  0.125820817014127  0.437089591492937 
 0.333333333333333  0.333333333333333  0.333333333333333 

Weights
 0.044301833780383 
 0.074969289332873 
 0.074969289332873 
 0.137953930529910 
 0.054273292833345 
 0.134801255248419 
 0.168244134395468 
