NVars  3
MLMax  4
PMax   8

Cases Run
0 1 1 1 0 0 0 0 0 
0 1 1 1 0 0 0 0 0 
0 1 1 1 0 0 0 0 0 
0 1 1 1 0 0 0 0 0 
0 1 1 1 0 0 0 0 0 

Mesh Size
1.443e-01  1.021e-01  7.906e-02  
7.217e-02  5.103e-02  3.953e-02  
3.608e-02  2.552e-02  1.976e-02  
1.804e-02  1.276e-02  9.882e-03  
9.021e-03  6.379e-03  4.941e-03  


L2Errors

$u$
4.339e-02  2.849e-02  4.041e-03  
2.368e-02  3.859e-03  2.046e-04  
8.125e-03  2.480e-04  9.090e-06  
1.556e-03  1.585e-05  5.200e-07  
2.704e-04  1.547e-06  3.126e-08  

$v$
4.339e-02  2.849e-02  4.041e-03  
2.368e-02  3.859e-03  2.046e-04  
8.125e-03  2.480e-04  9.090e-06  
1.556e-03  1.585e-05  5.200e-07  
2.704e-04  1.547e-06  3.126e-08  

$T$
4.064e-03  1.799e-03  3.583e-04  
1.610e-03  3.557e-04  2.301e-05  
6.138e-04  2.752e-05  1.066e-06  
1.350e-04  1.613e-06  6.904e-08  
2.649e-05  1.434e-07  4.518e-09  


Convergence Orders

$u$
0          0          0          
8.736e-01  2.884e+00  4.304e+00  
1.543e+00  3.960e+00  4.492e+00  
2.385e+00  3.968e+00  4.128e+00  
2.525e+00  3.357e+00  4.056e+00  

$v$
0          0          0          
8.735e-01  2.884e+00  4.304e+00  
1.543e+00  3.960e+00  4.492e+00  
2.385e+00  3.968e+00  4.128e+00  
2.525e+00  3.357e+00  4.056e+00  

$T$
0          0          0          
1.336e+00  2.338e+00  3.961e+00  
1.391e+00  3.692e+00  4.432e+00  
2.185e+00  4.093e+00  3.949e+00  
2.350e+00  3.492e+00  3.934e+00  

