NVars  3
MLMax  4
PMax   8

Cases Run
0 1 1 1 0 0 0 0 0 
0 1 1 1 0 0 0 0 0 
0 1 1 1 0 0 0 0 0 
0 1 1 1 0 0 0 0 0 
0 1 1 1 0 0 0 0 0 

Mesh Size
1.443e-01  1.021e-01  7.906e-02  
7.217e-02  5.103e-02  3.953e-02  
3.608e-02  2.552e-02  1.976e-02  
1.804e-02  1.276e-02  9.882e-03  
9.021e-03  6.379e-03  4.941e-03  


L2Errors

$u$
4.339e-02  2.621e-02  3.900e-03  
2.368e-02  3.732e-03  2.079e-04  
8.125e-03  2.532e-04  9.950e-06  
1.556e-03  1.761e-05  5.839e-07  
2.704e-04  1.788e-06  3.528e-08  

$v$
4.339e-02  2.621e-02  3.900e-03  
2.368e-02  3.732e-03  2.079e-04  
8.125e-03  2.532e-04  9.950e-06  
1.556e-03  1.761e-05  5.839e-07  
2.704e-04  1.788e-06  3.528e-08  

$T$
4.064e-03  1.500e-03  3.299e-04  
1.610e-03  3.343e-04  2.290e-05  
6.138e-04  2.729e-05  1.170e-06  
1.350e-04  1.803e-06  7.760e-08  
2.649e-05  1.758e-07  5.106e-09  


Convergence Orders

$u$
0          0          0          
8.736e-01  2.812e+00  4.229e+00  
1.543e+00  3.881e+00  4.385e+00  
2.385e+00  3.846e+00  4.091e+00  
2.525e+00  3.300e+00  4.049e+00  

$v$
0          0          0          
8.735e-01  2.812e+00  4.229e+00  
1.543e+00  3.881e+00  4.385e+00  
2.385e+00  3.846e+00  4.091e+00  
2.525e+00  3.300e+00  4.049e+00  

$T$
0          0          0          
1.336e+00  2.166e+00  3.849e+00  
1.391e+00  3.615e+00  4.291e+00  
2.185e+00  3.920e+00  3.914e+00  
2.350e+00  3.358e+00  3.926e+00  

