NVars  3
MLMax  4
PMax   8

Cases Run
0 1 1 1 0 0 0 0 0 
0 1 1 1 0 0 0 0 0 
0 1 1 1 0 0 0 0 0 
0 1 1 1 0 0 0 0 0 
0 1 1 1 0 0 0 0 0 

Mesh Size
1.768e-01  1.179e-01  8.839e-02  
8.839e-02  5.893e-02  4.419e-02  
4.419e-02  2.946e-02  2.210e-02  
2.210e-02  1.473e-02  1.105e-02  
1.105e-02  7.366e-03  5.524e-03  


L2Errors

$u$
2.234e-02  2.832e-02  3.136e-03  
1.036e-02  1.658e-03  8.326e-05  
2.984e-03  8.122e-05  2.193e-06  
6.215e-04  5.815e-06  9.607e-08  
1.326e-04  6.576e-07  5.064e-09  

$v$
2.234e-02  2.832e-02  3.136e-03  
1.036e-02  1.658e-03  8.326e-05  
2.984e-03  8.122e-05  2.193e-06  
6.215e-04  5.815e-06  9.607e-08  
1.326e-04  6.576e-07  5.064e-09  

$T$
3.124e-03  2.041e-03  2.986e-04  
9.155e-04  1.755e-04  1.071e-05  
3.256e-04  1.155e-05  3.200e-07  
8.283e-05  9.420e-07  1.654e-08  
2.022e-05  1.098e-07  1.044e-09  


Convergence Orders

$u$
0          0          0          
1.108e+00  4.094e+00  5.235e+00  
1.796e+00  4.352e+00  5.247e+00  
2.264e+00  3.804e+00  4.513e+00  
2.228e+00  3.145e+00  4.246e+00  

$v$
0          0          0          
1.108e+00  4.094e+00  5.235e+00  
1.796e+00  4.352e+00  5.247e+00  
2.264e+00  3.804e+00  4.513e+00  
2.228e+00  3.145e+00  4.246e+00  

$T$
0          0          0          
1.771e+00  3.539e+00  4.801e+00  
1.492e+00  3.926e+00  5.065e+00  
1.975e+00  3.615e+00  4.274e+00  
2.034e+00  3.101e+00  3.986e+00  

