NVars  3
MLMax  4
PMax   8

Cases Run
0 1 1 1 0 0 0 0 0 
0 1 1 1 0 0 0 0 0 
0 1 1 1 0 0 0 0 0 
0 1 1 1 0 0 0 0 0 
0 1 1 1 0 0 0 0 0 

Mesh Size
1.768e-01  1.179e-01  8.839e-02  
8.839e-02  5.893e-02  4.419e-02  
4.419e-02  2.946e-02  2.210e-02  
2.210e-02  1.473e-02  1.105e-02  
1.105e-02  7.366e-03  5.524e-03  


L2Errors

$u$
2.234e-02  2.842e-02  3.139e-03  
1.036e-02  1.667e-03  8.324e-05  
2.984e-03  8.196e-05  2.191e-06  
6.215e-04  5.899e-06  9.599e-08  
1.326e-04  6.664e-07  5.061e-09  

$v$
2.234e-02  2.842e-02  3.139e-03  
1.036e-02  1.667e-03  8.324e-05  
2.984e-03  8.196e-05  2.191e-06  
6.215e-04  5.899e-06  9.599e-08  
1.326e-04  6.664e-07  5.061e-09  

$T$
3.124e-03  2.048e-03  2.981e-04  
9.155e-04  1.762e-04  1.069e-05  
3.256e-04  1.158e-05  3.192e-07  
8.283e-05  9.432e-07  1.652e-08  
2.022e-05  1.098e-07  1.044e-09  


Convergence Orders

$u$
0          0          0          
1.108e+00  4.092e+00  5.237e+00  
1.796e+00  4.346e+00  5.248e+00  
2.264e+00  3.796e+00  4.513e+00  
2.228e+00  3.146e+00  4.246e+00  

$v$
0          0          0          
1.108e+00  4.092e+00  5.237e+00  
1.796e+00  4.346e+00  5.248e+00  
2.264e+00  3.796e+00  4.513e+00  
2.228e+00  3.146e+00  4.246e+00  

$T$
0          0          0          
1.771e+00  3.539e+00  4.801e+00  
1.492e+00  3.927e+00  5.066e+00  
1.975e+00  3.618e+00  4.272e+00  
2.034e+00  3.103e+00  3.985e+00  

