9 5
0 24
6 12
0 6
2 4
1 1

Barycentric Coordinates (Regular TET)
  0.942988767345205  0.044735215005214  0.006138008824791  0.006138008824791
  0.801177284658345  0.133852152212009  0.032485281564823  0.032485281564823
  0.628071845475366  0.021969470156756  0.174979342183939  0.174979342183939
  0.594256269480007  0.340184794087108  0.032779468216443  0.032779468216443
  0.477190379904280  0.280709257804541  0.121050181145589  0.121050181145589
  0.165486025619611  0.013652495942458  0.410430739218966  0.410430739218966
  0.657071038427962  0.114309653857346  0.114309653857346  0.114309653857346
  0.063249793914434  0.312250068695189  0.312250068695189  0.312250068695189
  0.250000000000000  0.250000000000000  0.250000000000000  0.250000000000000

Weights
  0.000341244400393
  0.006200051111565
  0.012168870051190
  0.009556191463989
  0.024267652039073
  0.010742254233112
  0.009304733013810
  0.025396503714349
  0.044688935077559