9 5
1 24
3 12
2 6
3 4
0 1

Barycentric Coordinates (Regular TET)
  0.541184412800237  0.296501020543124  0.133558160703568  0.028756405953071
  0.792939256469618  0.011844417749498  0.097608162890442  0.097608162890442
  0.732309909692948  0.225783205866940  0.020953442220056  0.020953442220056
  0.647557594086976  0.158462939666092  0.096989733123466  0.096989733123466
  0.473575835127937  0.473575835127937  0.026424164872063  0.026424164872063
  0.352045262027356  0.352045262027356  0.147954737972644  0.147954737972644
  0.919364576755549  0.026878474414817  0.026878474414817  0.026878474414817
  0.438577972589590  0.187140675803470  0.187140675803470  0.187140675803470
  0.033665704507429  0.322111431830857  0.322111431830857  0.322111431830857

Weights
  0.014703239070521
  0.004584940619342
  0.004108615492322
  0.008102058422174
  0.006797781472605
  0.029037499454732
  0.002022264247668
  0.019635546091847
  0.021685250640354