5 5
0 24
2 12
1 6
1 4
1 1

Barycentric Coordinates (Regular TET)
  0.810830241098549  0.146638813818485  0.021265472541483  0.021265472541483
  0.575171637587000  0.047160700360998  0.188833831026001  0.188833831026001
  0.449510177401604  0.449510177401604  0.050489822598396  0.050489822598396
  0.052896550665392  0.315701149778203  0.315701149778203  0.315701149778203
  0.250000000000000  0.250000000000000  0.250000000000000  0.250000000000000

Weights
  0.007646908072633
  0.035079219262000
  0.030072711959509
  0.039908711891139
  0.090024394244863