9 3
0 8
6 4
3 1

Barycentric Coordinates (Regular PYR)
  0.672635358719988  0.149895499903382 -0.045420382599901  0.149895499903382  0.072994024073149
  0.411265429311685  0.411265429311685  0.052237558651740  0.052237558651740  0.072994024073149
  0.369141158033898  0.210261312873888 -0.136667549820027  0.210261312873888  0.347003766038352
  0.289701235453893  0.036796881526931  0.036796881526931  0.289701235453893  0.347003766038352
  0.155041231195719  0.106709816687015 -0.073463074458248  0.106709816687015  0.705002209888499
  0.130875523941367  0.130875523941367  0.016623371114384  0.016623371114384  0.705002209888499
  0.231751493981713  0.231751493981713  0.231751493981713  0.231751493981713  0.072994024073149
  0.163249058490412  0.163249058490412  0.163249058490412  0.163249058490412  0.347003766038352
  0.073749447527875  0.073749447527875  0.073749447527875  0.073749447527875  0.705002209888499

Weights
  0.068587769432073
  0.109740431091318
  0.063834400442522
  0.102135040708034
  0.013073052591773
  0.020916884146836
  0.175584689746108
  0.163416065132855
  0.033467014634938