5 3
0 8
3 4
2 1

Barycentric Coordinates (Regular PYR)
  0.656949551120045  0.130348783500696 -0.030348783500696  0.130348783500696  0.112701665379258
  0.393649167310371  0.393649167310371  0.050000000000000  0.050000000000000  0.112701665379258
  0.269337567297406  0.125000000000000 -0.019337567297406  0.125000000000000  0.500000000000000
  0.221824583655185  0.221824583655185  0.221824583655185  0.221824583655185  0.112701665379258
  0.028175416344815  0.028175416344815  0.028175416344815  0.028175416344815  0.887298334620742