10 3
0 8
7 4
3 1

Barycentric Coordinates (Regular PYR)
  0.766601106230880  0.094692553729275 -0.036124743869208  0.094692553729275  0.080138530179778
  0.651495245163978  0.155657308651535  0.037190137443193  0.155657308651535  0.000000000089758
  0.468627968275997  0.148516843103892 -0.056204729978379  0.148516843103892  0.290543075494598
  0.449358023280262  0.449358023280262  0.017308643386405  0.017308643386405  0.066666666666667
  0.418002761843406  0.194430223820877  0.063850380975290  0.194430223820877  0.129286409539550
  0.320970016628759  0.320970016628759  0.012363316704575  0.012363316704575  0.333333333333333
  0.222280200456257  0.102027507919372 -0.031855146405601  0.102027507919372  0.605519930110600
  0.249988629947949  0.249988629947949  0.249988629947949  0.249988629947949  0.000045480208203
  0.151604280810586  0.151604280810587  0.151604280810586  0.151604280810586  0.393582876757654
  0.040329304295787  0.040329304295787  0.040329304295787  0.040329304295787  0.838682782816851

Weights
  0.027881009110437
  0.025085970650335
  0.067351524733360
  0.050330463994350
  0.124375721658887
  0.054137862934595
  0.055661767038334
  0.047141540145220
  0.189561530402712
  0.029617732134997