14 3
2 8
10 4
2 1

Barycentric Coordinates (Regular PYR)
  0.402640766236941  0.291482959140618 -0.088196844051839  0.110207069989711  0.283866048684569
  0.147156117309883  0.056129997778896 -0.047405434649104  0.127985368244894  0.716133951315431
  0.752296671907273  0.122021629240918 -0.061290038058123  0.122021629240918  0.064950107669012
  0.488949735858127  0.205173989519431  0.069967496035346  0.205173989519431  0.030734789067664
  0.440713616605962  0.440713616605962  0.028708164208458  0.028708164208458  0.061156438371161
  0.411731166579791  0.199879487579422 -0.029434738228619  0.199879487579422  0.217944596489985
  0.272202903970763  0.197218876843657 -0.166640657658076  0.197218876843657  0.500000000000000
  0.201710183698963  0.048289816301036  0.048289816301036  0.201710183698963  0.500000000000000
  0.104961064284322  0.065483685066480 -0.017983837927298  0.065483685066480  0.782055403510015
  0.041559627844185  0.019171963338611 -0.014953446852395  0.019171963338611  0.935049892330988
  0.028708164208458  0.028708164208458  0.001870054977123  0.001870054977123  0.938843561628839
  0.014156801037020  0.007853424900853  0.000871138228939  0.007853424900853  0.969265210932336
  0.201710183698964  0.201710183698964  0.201710183698964  0.201710183698964  0.193159265204145
  0.048289816301036  0.048289816301036  0.048289816301036  0.048289816301036  0.806840734795854

Weights
  0.034855622954245
  0.005476602580130
  0.031003810653025
  0.063851274733085
  0.057209205888188
  0.086001717795133
  0.016226298590672
  0.076592921903288
  0.006679197658176
  0.000149590928388
  0.000242752563518
  0.000064201443874
  0.199445508877734
  0.011430881382002