10 3
0 8
8 4
2 1

Barycentric Coordinates (Regular PYR)
  0.625213570665692  0.167868244081515 -0.070398648326663  0.167868244081515  0.109448589497941
  0.426912151707619  0.035100917213390  0.035100917213390  0.426912151707619  0.075973862157980
  0.309690270662137  0.185894167660611  0.022498977695800  0.185894167660611  0.296022416320840
  0.269588756831052  0.192424312089957 -0.154437381010967  0.192424312089957  0.500000000000000
  0.248510770148584  0.001489229851415  0.001489229851415  0.248510770148584  0.500000000000000
  0.125200084507660  0.083193060848751  0.004436210115677  0.083193060848751  0.703977583679160
  0.063798706186824  0.033670889568028 -0.021691895824939  0.033670889568028  0.890551410502060
  0.035100917213390  0.002886013865600  0.002886013865600  0.035100917213390  0.924026137842019
  0.248510770148585  0.248510770148585  0.248510770148585  0.248510770148585  0.005956919405662
  0.001489229851415  0.001489229851415  0.001489229851415  0.001489229851415  0.994043080594338

Weights
  0.086247880171614
  0.096177612019442
  0.160200936418178
  0.028160832279761
  0.035378300758151
  0.028326739462714
  0.001302719086126
  0.000650180419410
  0.139832259122274
  0.000005021580274