5 3
0 8
3 4
2 1

Barycentric Coordinates (Regular PYR)
  0.597672128356516  0.175660720902542 -0.069600114841936  0.175660720902542  0.120606544680336
  0.224477803219278  0.025522196780722  0.025522196780722  0.224477803219278  0.500000000000000
  0.068796625402083  0.037263980658523 -0.022718042038793  0.037263980658523  0.879393455319664
  0.224477803219278  0.224477803219278  0.224477803219278  0.224477803219278  0.102088787122889
  0.025522196780722  0.025522196780722  0.025522196780722  0.025522196780722  0.897911212877111

Weights
  0.183286141609066
  0.156699563697850
  0.003447505130872
  0.505352674499790
  0.006532566913186