P(xi_order) 2
Q(eta_order) 1

knots_xi 18
-1.00000000000000e+00
-1.00000000000000e+00
-1.00000000000000e+00
-8.46153846153846e-01
-6.92307692307692e-01
-5.38461538461538e-01
-3.84615384615385e-01
-2.30769230769231e-01
-7.69230769230769e-02
7.69230769230771e-02
2.30769230769231e-01
3.84615384615385e-01
5.38461538461539e-01
6.92307692307693e-01
8.46153846153846e-01
1.00000000000000e+00
1.00000000000000e+00
1.00000000000000e+00

knots_eta 4
-1.00000000000000e+00
-1.00000000000000e+00
1.00000000000000e+00
1.00000000000000e+00

Control_Point_Data 28 
5.00000000000000e-01 1.33226762955019e-17 1.00000000000000e+00
2.00000000000000e+01 -0.00000000000000e+00 1.00000000000000e+00
4.22829320490658e-01 -2.71321488856535e-03 1.00000000000000e+00
1.99920194321650e+01 -4.92774016284923e+00 1.00000000000000e+00
2.69665540025533e-01 2.52601957905037e-02 1.00000000000000e+00
1.54155429924895e+01 -1.36567820109193e+01 1.00000000000000e+00
1.14418862775977e-01 -5.90214758627210e-02 1.00000000000000e+00
7.30125097471845e+00 -1.92555062377764e+01 1.00000000000000e+00
-3.62095625846665e-02 -3.70227719978239e-02 1.00000000000000e+00
-2.48018709862371e+00 -2.04436140939553e+01 1.00000000000000e+00
-1.97701677921781e-01 -5.52113423261838e-02 1.00000000000000e+00
-1.16998980827935e+01 -1.69475196298066e+01 1.00000000000000e+00
-3.52755863089178e-01 -3.29986209779576e-02 1.00000000000000e+00
-1.82344065682362e+01 -9.56851843066586e+00 1.00000000000000e+00
-5.41592127094082e-01 9.50728581498169e-17 1.00000000000000e+00
-2.05960017622129e+01 4.57274529722862e-15 1.00000000000000e+00
-3.52755863089178e-01 5.32818302003762e-02 1.00000000000000e+00
-1.82344065682362e+01 9.56851843066587e+00 1.00000000000000e+00
-1.97701677921781e-01 5.58055226362288e-02 1.00000000000000e+00
-1.16998980827935e+01 1.69475196298066e+01 1.00000000000000e+00
-3.62095625846664e-02 5.67203265006369e-02 1.00000000000000e+00
-2.48018709862372e+00 2.04436140939553e+01 1.00000000000000e+00
1.14418862775977e-01 5.35205897872459e-02 1.00000000000000e+00
7.30125097471846e+00 1.92555062377764e+01 1.00000000000000e+00
2.69665540025534e-01 4.12043528856063e-02 1.00000000000000e+00
1.54155429924895e+01 1.36567820109193e+01 1.00000000000000e+00
4.22829320490658e-01 2.13278894526631e-02 1.00000000000000e+00
1.99920194321650e+01 4.92774016284922e+00 1.00000000000000e+00

Control_Point_Connectivity 15 2
0 1 
2 3 
4 5 
6 7 
8 9 
10 11 
12 13 
14 15 
16 17 
18 19 
20 21 
22 23 
24 25 
26 27 
0 1 
