NVars  5
MLMax  5
PMax   8

Cases Run
0 1 1 1 1 0 0 0 0 
0 1 1 1 1 0 0 0 0 
0 1 1 1 1 0 0 0 0 
0 1 1 1 1 0 0 0 0 
0 1 1 1 1 0 0 0 0 
0 1 1 1 1 0 0 0 0 

Mesh Size
4.082e-01  2.887e-01  2.236e-01  1.826e-01  
2.041e-01  1.443e-01  1.118e-01  9.129e-02  
1.021e-01  7.217e-02  5.590e-02  4.564e-02  
5.103e-02  3.608e-02  2.795e-02  2.282e-02  
2.552e-02  1.804e-02  1.398e-02  1.141e-02  
1.276e-02  9.021e-03  6.988e-03  5.705e-03  


L2Errors

$\rho$
2.595e-02  1.605e-03  1.475e-04  1.357e-05  
5.974e-03  2.065e-04  8.553e-06  3.916e-07  
1.435e-03  2.636e-05  4.444e-07  1.245e-08  
3.549e-04  3.307e-06  2.589e-08  3.944e-10  
8.849e-05  4.136e-07  1.587e-09  1.237e-11  
2.211e-05  5.171e-08  9.865e-11  3.869e-13  

$u$    
4.546e-02  1.128e-02  8.871e-04  4.068e-04  
1.400e-02  1.170e-03  8.610e-05  1.341e-05  
3.512e-03  1.428e-04  5.470e-06  4.154e-07  
8.787e-04  1.774e-05  3.398e-07  1.259e-08  
2.197e-04  2.215e-06  2.120e-08  3.918e-10  
5.494e-05  2.767e-07  1.324e-09  1.223e-11  

$v$    
1.101e-01  2.258e-02  4.245e-03  1.461e-03  
3.141e-02  2.851e-03  2.776e-04  5.125e-05  
7.891e-03  3.585e-04  1.754e-05  1.811e-06  
1.975e-03  4.482e-05  1.118e-06  5.555e-08  
4.940e-04  5.602e-06  7.012e-08  1.732e-09  
1.235e-04  7.003e-07  4.386e-09  5.412e-11  

$p$    
1.824e-02  6.159e-03  1.193e-03  6.509e-04  
4.634e-03  7.176e-04  1.256e-04  1.467e-05  
1.081e-03  9.250e-05  7.422e-06  5.625e-07  
2.658e-04  1.162e-05  4.627e-07  1.797e-08  
6.619e-05  1.454e-06  2.891e-08  5.639e-10  
1.653e-05  1.817e-07  1.807e-09  1.764e-11  

$s$    
2.624e-02  4.296e-03  1.253e-03  6.374e-04  
6.508e-03  5.622e-04  1.256e-04  1.458e-05  
1.695e-03  7.508e-05  7.444e-06  5.640e-07  
4.281e-04  9.474e-06  4.647e-07  1.804e-08  
1.073e-04  1.187e-06  2.905e-08  5.664e-10  
2.684e-05  1.484e-07  1.816e-09  1.772e-11  


Convergence Orders

$\rho$
0          0          0          0          
2.119e+00  2.959e+00  4.108e+00  5.115e+00  
2.057e+00  2.970e+00  4.267e+00  4.975e+00  
2.016e+00  2.995e+00  4.101e+00  4.980e+00  
2.004e+00  2.999e+00  4.028e+00  4.995e+00  
2.001e+00  3.000e+00  4.007e+00  4.999e+00  

$u$    
0          0          0          0          
1.699e+00  3.270e+00  3.365e+00  4.923e+00  
1.995e+00  3.034e+00  3.976e+00  5.013e+00  
1.999e+00  3.008e+00  4.009e+00  5.044e+00  
2.000e+00  3.002e+00  4.002e+00  5.007e+00  
2.000e+00  3.001e+00  4.001e+00  5.002e+00  

$v$    
0          0          0          0          
1.809e+00  2.985e+00  3.935e+00  4.833e+00  
1.993e+00  2.991e+00  3.984e+00  4.822e+00  
1.998e+00  3.000e+00  3.972e+00  5.027e+00  
2.000e+00  3.000e+00  3.995e+00  5.003e+00  
2.000e+00  3.000e+00  3.999e+00  5.001e+00  

$p$    
0          0          0          0          
1.977e+00  3.101e+00  3.248e+00  5.471e+00  
2.099e+00  2.956e+00  4.081e+00  4.705e+00  
2.024e+00  2.993e+00  4.004e+00  4.969e+00  
2.006e+00  2.999e+00  4.000e+00  4.994e+00  
2.002e+00  3.000e+00  4.000e+00  4.998e+00  

$s$    
0          0          0          0          
2.011e+00  2.934e+00  3.319e+00  5.450e+00  
1.941e+00  2.905e+00  4.077e+00  4.692e+00  
1.985e+00  2.986e+00  4.002e+00  4.966e+00  
1.996e+00  2.997e+00  4.000e+00  4.993e+00  
1.999e+00  2.999e+00  4.000e+00  4.998e+00  

