NVars  5
MLMax  5
PMax   8

Cases Run
0 1 1 1 1 0 0 0 0 
0 1 1 1 1 0 0 0 0 
0 1 1 1 1 0 0 0 0 
0 1 1 1 1 0 0 0 0 
0 1 1 1 1 0 0 0 0 
0 1 1 1 1 0 0 0 0 

Mesh Size
4.082e-01  2.887e-01  2.236e-01  1.826e-01  
2.041e-01  1.443e-01  1.118e-01  9.129e-02  
1.021e-01  7.217e-02  5.590e-02  4.564e-02  
5.103e-02  3.608e-02  2.795e-02  2.282e-02  
2.552e-02  1.804e-02  1.398e-02  1.141e-02  
1.276e-02  9.021e-03  6.988e-03  5.705e-03  


L2Errors

$\rho$
2.748e-02  3.377e-03  4.792e-04  8.967e-05  
7.015e-03  4.887e-04  3.152e-05  4.480e-06  
1.767e-03  6.086e-05  2.165e-06  1.659e-07  
4.423e-04  7.614e-06  1.399e-07  5.125e-09  
1.106e-04  9.521e-07  8.801e-09  1.601e-10  
2.765e-05  1.190e-07  5.510e-10  5.001e-12  

$u$    
5.097e-02  9.666e-03  1.395e-03  5.269e-04  
1.671e-02  1.207e-03  1.269e-04  1.386e-05  
4.245e-03  1.572e-04  8.002e-06  4.557e-07  
1.066e-03  1.981e-05  5.015e-07  1.470e-08  
2.667e-04  2.481e-06  3.138e-08  4.622e-10  
6.669e-05  3.103e-07  1.962e-09  1.447e-11  

$v$    
1.203e-01  1.874e-02  4.716e-03  9.559e-04  
3.684e-02  2.776e-03  3.015e-04  3.181e-05  
9.400e-03  3.568e-04  1.955e-05  1.102e-06  
2.362e-03  4.494e-05  1.233e-06  3.512e-08  
5.912e-04  5.629e-06  7.723e-08  1.102e-09  
1.479e-04  7.040e-07  4.829e-09  3.449e-11  

$p$    
2.865e-02  6.281e-03  1.738e-03  4.468e-04  
7.234e-03  9.726e-04  1.146e-04  2.205e-05  
1.715e-03  1.241e-04  7.876e-06  6.820e-07  
4.225e-04  1.562e-05  5.000e-07  2.163e-08  
1.052e-04  1.956e-06  3.137e-08  6.788e-10  
2.629e-05  2.446e-07  1.963e-09  2.124e-11  

$s$    
2.430e-02  3.851e-03  1.812e-03  4.861e-04  
5.829e-03  8.846e-04  1.269e-04  2.338e-05  
1.560e-03  1.161e-04  8.626e-06  7.364e-07  
3.971e-04  1.468e-05  5.479e-07  2.342e-08  
9.973e-05  1.840e-06  3.438e-08  7.351e-10  
2.496e-05  2.302e-07  2.151e-09  2.300e-11  


Convergence Orders

$\rho$
0          0          0          0          
1.970e+00  2.789e+00  3.926e+00  4.323e+00  
1.989e+00  3.005e+00  3.863e+00  4.755e+00  
1.998e+00  2.999e+00  3.953e+00  5.017e+00  
2.000e+00  2.999e+00  3.990e+00  5.001e+00  
2.000e+00  3.000e+00  3.998e+00  5.000e+00  

$u$    
0          0          0          0          
1.609e+00  3.002e+00  3.459e+00  5.249e+00  
1.977e+00  2.941e+00  3.987e+00  4.926e+00  
1.994e+00  2.988e+00  3.996e+00  4.954e+00  
1.999e+00  2.997e+00  3.998e+00  4.991e+00  
2.000e+00  2.999e+00  4.000e+00  4.998e+00  

$v$    
0          0          0          0          
1.707e+00  2.755e+00  3.968e+00  4.909e+00  
1.971e+00  2.960e+00  3.947e+00  4.852e+00  
1.993e+00  2.989e+00  3.987e+00  4.971e+00  
1.998e+00  2.997e+00  3.997e+00  4.994e+00  
2.000e+00  2.999e+00  3.999e+00  4.998e+00  

$p$    
0          0          0          0          
1.986e+00  2.691e+00  3.922e+00  4.341e+00  
2.077e+00  2.970e+00  3.863e+00  5.015e+00  
2.021e+00  2.990e+00  3.977e+00  4.979e+00  
2.005e+00  2.998e+00  3.994e+00  4.994e+00  
2.001e+00  2.999e+00  3.999e+00  4.998e+00  

$s$    
0          0          0          0          
2.060e+00  2.122e+00  3.836e+00  4.378e+00  
1.901e+00  2.930e+00  3.879e+00  4.988e+00  
1.974e+00  2.983e+00  3.977e+00  4.975e+00  
1.993e+00  2.996e+00  3.994e+00  4.993e+00  
1.998e+00  2.999e+00  3.999e+00  4.998e+00  

