n_vars  5
ml_max  6
p_max   6

Cases Run
           0           0           0           0
           0           0           0           1
           0           0           0           1
           0           0           0           1
           0           0           0           1
           0           0           0           1


Mesh Size
           0           0           0           0
           0           0           0  6.2500e-02
           0           0           0  3.1250e-02
           0           0           0  1.5625e-02
           0           0           0  7.8125e-03
           0           0           0  3.9062e-03


L2 Errors

$s$
           0           0           0           0
           0           0           0  4.4770e-05
           0           0           0  1.4202e-06
           0           0           0  1.1011e-07
           0           0           0  7.4603e-09
           0           0           0  4.3407e-10

$\rho_{res}$
           0           0           0           0
           0           0           0  3.5668e-04
           0           0           0  3.8692e-05
           0           0           0  1.2749e-06
           0           0           0  6.5619e-08
           0           0           0  3.5272e-09

$u_{res}$
           0           0           0           0
           0           0           0  4.3222e-04
           0           0           0  2.9184e-05
           0           0           0  1.3378e-06
           0           0           0  9.3948e-08
           0           0           0  5.0139e-09

$v_{res}$
           0           0           0           0
           0           0           0  2.0884e-05
           0           0           0  4.1025e-05
           0           0           0  1.1152e-06
           0           0           0  2.3249e-08
           0           0           0  9.7603e-10

$E_{res}$
           0           0           0           0
           0           0           0  1.2484e-03
           0           0           0  1.3510e-04
           0           0           0  4.4607e-06
           0           0           0  2.2998e-07
           0           0           0  1.2358e-08


Convergence Orders

$s$
           0           0           0           0
           0           0           0           0
           0           0           0  4.9783e+00
           0           0           0  3.6892e+00
           0           0           0  3.8835e+00
           0           0           0  4.1032e+00

$\rho_{res}$
           0           0           0           0
           0           0           0           0
           0           0           0  3.2045e+00
           0           0           0  4.9236e+00
           0           0           0  4.2801e+00
           0           0           0  4.2175e+00

$u_{res}$
           0           0           0           0
           0           0           0           0
           0           0           0  3.8885e+00
           0           0           0  4.4473e+00
           0           0           0  3.8318e+00
           0           0           0  4.2278e+00

$v_{res}$
           0           0           0           0
           0           0           0           0
           0           0           0 -9.7410e-01
           0           0           0  5.2012e+00
           0           0           0  5.5839e+00
           0           0           0  4.5740e+00

$E_{res}$
           0           0           0           0
           0           0           0           0
           0           0           0  3.2080e+00
           0           0           0  4.9206e+00
           0           0           0  4.2777e+00
           0           0           0  4.2179e+00

