6 5
0 24
4 12
0 6
2 4
0 1

Barycentric Coordinates (Regular TET)
  0.882527661964733  0.117472338035267  0.000000000000000  0.000000000000000
  0.688543464649940  0.000000000000000  0.155728267675030  0.155728267675030
  0.642615758240323  0.357384241759677  0.000000000000000  0.000000000000000
  0.165752193680209  0.000000000000000  0.417123903159896  0.417123903159896
  1.000000000000000  0.000000000000000  0.000000000000000  0.000000000000000
  0.433497722829073  0.188834092390309  0.188834092390309  0.188834092390309