6 5
0 24
4 12
0 6
2 4
0 1

Barycentric Coordinates (Regular TET)
  0.779976008441540  0.151831949165937  0.034096021196262  0.034096021196262
  0.552655643106018  0.354934056063979  0.046205150415002  0.046205150415002
  0.538104322888001  0.005514754974478  0.228190461068761  0.228190461068761
  0.196183759574559  0.099205720249453  0.352305260087994  0.352305260087994
  0.955143804540822  0.014952065153059  0.014952065153059  0.014952065153059
  0.596564995621018  0.134478334792994  0.134478334792994  0.134478334792994

Weights
  0.009052536142501
  0.015508640861116
  0.014495478439180
  0.027673342149040
  0.000977986409986
  0.034534281210018