7 5
0 24
2 12
1 6
4 4
0 1

Barycentric Coordinates (Regular TET)
  0.717464063426309  0.239668076319430  0.021433930127131  0.021433930127131
  0.583797378302145  0.007923953945797  0.204139333876029  0.204139333876029
  0.435591328583830  0.435591328583830  0.064408671416170  0.064408671416170
  0.873050368945698  0.042316543684767  0.042316543684767  0.042316543684767
  0.676141825113368  0.107952724962211  0.107952724962211  0.107952724962211
  0.444671536652240  0.185109487782587  0.185109487782587  0.185109487782587
  0.057454872627883  0.314181709124039  0.314181709124039  0.314181709124039

Weights
  0.006747592755213
  0.014569686467089
  0.034205989087370
  0.007094879541779
  0.024915285415181
  0.049056002052408
  0.039375272088188