5 5
0 24
2 12
1 6
1 4
1 1

Barycentric Coordinates (Regular TET)
  0.747759888481809  0.174035630246894  0.039102240635649  0.039102240635649
  0.503118645014598  0.050479279060772  0.223201037962315  0.223201037962315
  0.454754599984483  0.454754599984483  0.045245400015517  0.045245400015517
  0.919789673336880  0.026736775554374  0.026736775554374  0.026736775554374
  0.250000000000000  0.250000000000000  0.250000000000000  0.250000000000000

Weights
  0.013519473436722
  0.045239686171337
  0.023599019021024
  0.002064795544141
  0.087845829982646