9 5
0 24
3 12
1 6
4 4
1 1

Barycentric Coordinates (Regular TET)
  0.718350326442075  0.214097932187248  0.033775870685339  0.033775870685339
  0.598301349801969  0.034415910578175  0.183641369809928  0.183641369809928
  0.079702523262040  0.002554579233041  0.458871448752460  0.458871448752460
  0.387703453995624  0.387703453995624  0.112296546004376  0.112296546004376
  0.999999998140550  0.000000000619817  0.000000000619817  0.000000000619817
  0.864673244963759  0.045108918345414  0.045108918345414  0.045108918345414
  0.517676393814215  0.160774535395262  0.160774535395262  0.160774535395262
  0.033170434535737  0.322276521821421  0.322276521821421  0.322276521821421
  0.250000000000000  0.250000000000000  0.250000000000000  0.250000000000000

Weights
  0.009649235094377
  0.019351076352331
  0.007904909056997
  0.035953155514185
  0.000060640800391
  0.007602793235919
  0.021848033026016
  0.027872181045341
  0.054692870021825