n_vars  5
ml_max  6
p_max   6

Cases Run
           0           0           0
           0           0           1
           0           0           1
           0           0           1
           0           0           1


Mesh Size
           0           0           0
           0           0  8.3333e-02
           0           0  4.1667e-02
           0           0  2.0833e-02
           0           0  1.0417e-02


L2 Errors

$s$
           0           0           0
           0           0  2.1115e-04
           0           0  1.7727e-05
           0           0  2.0775e-06
           0           0  2.6192e-07

$\rho_{res}$
           0           0           0
           0           0  4.8986e-04
           0           0  1.0948e-04
           0           0  1.0894e-05
           0           0  6.9607e-07

$u_{res}$
           0           0           0
           0           0  6.4915e-04
           0           0  1.4632e-04
           0           0  1.1701e-05
           0           0  8.9705e-07

$v_{res}$
           0           0           0
           0           0  1.0941e-04
           0           0  1.0171e-04
           0           0  1.1095e-05
           0           0  6.2193e-07

$E_{res}$
           0           0           0
           0           0  1.7145e-03
           0           0  3.8187e-04
           0           0  3.8105e-05
           0           0  2.4377e-06


Convergence Orders

$s$
           0           0           0
           0           0           0
           0           0  3.5743e+00
           0           0  3.0929e+00
           0           0  2.9878e+00

$\rho_{res}$
           0           0           0
           0           0           0
           0           0  2.1618e+00
           0           0  3.3289e+00
           0           0  3.9685e+00

$u_{res}$
           0           0           0
           0           0           0
           0           0  2.1495e+00
           0           0  3.6443e+00
           0           0  3.7056e+00

$v_{res}$
           0           0           0
           0           0           0
           0           0  1.0522e-01
           0           0  3.1963e+00
           0           0  4.1574e+00

$E_{res}$
           0           0           0
           0           0           0
           0           0  2.1667e+00
           0           0  3.3249e+00
           0           0  3.9667e+00

