8 3
4 6 
4 3 
0 1 

Barycentric Coordinates (Regular TRI)
 0.935870074254803  0.064129925745197  0.000000000000000 
 0.795850090716571  0.204149909283429  0.000000000000000 
 0.652356722076303  0.248357983369512  0.099285294554185 
 0.604649608951240  0.395350391048760  0.000000000000000 
 1.000000000000000  0.000000000000000 -0.000000000000000 
 0.823996159427635  0.088001920286183  0.088001920286182 
 0.465073294429312  0.267463352785344  0.267463352785344 
 0.448735131395134  0.448735131395134  0.102529737209732 
