8 3
4 6 
4 3 
0 1 

Barycentric Coordinates (Regular TRI)
 0.857142857142857  0.142857142857143  0.000000000000000 
 0.714285714285714  0.285714285714286  0.000000000000000 
 0.571428571428571  0.428571428571429  0.000000000000000 
 0.571428571428572  0.285714285714286  0.142857142857143 
 1.000000000000000  0.000000000000000 -0.000000000000000 
 0.714285714285714  0.142857142857143  0.142857142857143 
 0.428571428571429  0.428571428571429  0.142857142857143 
 0.428571428571428  0.285714285714286  0.285714285714286 
