7 3
3 6 
3 3 
1 1 

Barycentric Coordinates (Regular TRI)
 0.867911210117950  0.107951981846011  0.024136808036039 
 0.700872570380723  0.270840772921567  0.028286656697710 
 0.536654684206138  0.316549598844617  0.146795716949245 
 0.960045625755614  0.019977187122193  0.019977187122193 
 0.736556464940004  0.131721767529998  0.131721767529998 
 0.485135346793461  0.485135346793461  0.029729306413078 
 0.333333333333334  0.333333333333334  0.333333333333333 

Weights
 0.027211317251544 
 0.048852729072431 
 0.116040401647108 
 0.009131666791972 
 0.077167949955300 
 0.058570532671028 
 0.144813671487484 
