8 3
3 6 
5 3 
0 1 

Barycentric Coordinates (Regular TRI)
 0.851337792510240  0.127279717233589  0.021382490256170 
 0.685310163906392  0.291655679738341  0.023034156355267 
 0.628249751683556  0.255454228638517  0.116296019677927 
 0.950707273127329  0.024646363436336  0.024646363436336 
 0.781484344681292  0.109257827659354  0.109257827659354 
 0.488203750945542  0.488203750945542  0.023592498108917 
 0.457074985970148  0.271462507014926  0.271462507014926 
 0.440111648658593  0.440111648658593  0.119776702682814 

Weights
 0.026125695927505 
 0.037730276057866 
 0.074871990135362 
 0.013738007814747 
 0.049339289490348 
 0.042031396496122 
 0.108324558822301 
 0.086461092324642 
