8 3
2 6 
5 3 
1 1 

Barycentric Coordinates (Regular TRI)
 0.843349783661853  0.149324788652082  0.007325427686064 
 0.664408374196864  0.289581125637706  0.046010500165430 
 0.943029164771256  0.028485417614372  0.028485417614372 
 0.794729034575507  0.102635482712247  0.102635482712246 
 0.579560086593644  0.210219956703178  0.210219956703178 
 0.495891900965891  0.495891900965891  0.008216198068218 
 0.438465926764352  0.438465926764352  0.123068146471296 
 0.333333333333333  0.333333333333333  0.333333333333333 

Weights
 0.017823304364951 
 0.069857898736432 
 0.018068529746313 
 0.066910437733478 
 0.122136747611971 
 0.028762908654904 
 0.116594999035774 
 0.148542720613259 
