70 3
21 8
42 4
7 1

Barycentric Coordinates (Regular PYR)
  0.811046564528081  0.143886917313727 -0.017254357197327  0.042188101582118  0.020132773773401
  0.671900536762887  0.202187598214395 -0.086275840584895  0.109098676459564  0.103089029148049
  0.660037287699552  0.028733506792590 -0.003799762407799  0.294896194142257  0.020132773773401
  0.591001948979263  0.262232717130937  0.028863714603521  0.097768845512879  0.020132773773401
  0.565582638995275  0.308505495982006 -0.042053494924760  0.064876330799429  0.103089029148049
  0.510828603567156  0.270170609655295 -0.003718608598049  0.119630366227549  0.103089029148049
  0.490271611169774  0.171027725461274 -0.151702832467227  0.249849369788123  0.240554126048058
  0.435852869034921  0.304268111922975 -0.078653887785487  0.097978780779533  0.240554126048058
  0.398905122430253  0.262394214200795 -0.036779990063306  0.134926527384202  0.240554126048058
  0.329527679948541  0.241558848342338 -0.165827762878690  0.180739089990751  0.414002144597060
  0.309616239411378  0.261470288879501 -0.087383555344449  0.102294882456510  0.414002144597060
  0.286944903464732  0.223321866474560 -0.049235132939508  0.124966218403156  0.414002144597060
  0.212749017779102  0.135538486317642 -0.125360616214034  0.177051598838297  0.600021513278993
  0.204669030565541  0.076484877540457 -0.066307007436849  0.185131586051858  0.600021513278993
  0.190651632459756  0.090502275646242 -0.038811293021978  0.157635871636987  0.600021513278993
  0.126465390296761  0.094254273042141 -0.064984908664293  0.070747998733954  0.773517246591438
  0.119174515402320  0.101545147936581 -0.034262234903034  0.040025324972695  0.773517246591438
  0.110519266794596  0.048680573580419 -0.019411209202571  0.086694122236118  0.773517246591438
  0.054808057628512  0.031748738772128 -0.020270547953489  0.022530584989846  0.911183166563003
  0.049588660623312  0.036968135777328 -0.010582659664379  0.012842696700736  0.911183166563003
  0.045570357323506  0.031768285294853 -0.005382809181904  0.016861000000542  0.911183166563003
  0.904425520446214  0.050507961395594 -0.025574217010803  0.050507961395594  0.020132773773401
  0.737643877155301  0.136444257821980 -0.113621421947311  0.136444257821980  0.103089029148049
  0.726969126656285  0.126265539453915  0.000367020662485  0.126265539453915  0.020132773773401
  0.610356129405418  0.170643083817033 -0.054731326187533  0.170643083817033  0.103089029148049
  0.523922294291055  0.216198686666841 -0.196873793672795  0.216198686666841  0.240554126048058
  0.479360343295610  0.209410451196532  0.081685980537926  0.209410451196532  0.020132773773401
  0.477466740920904  0.477466740920904  0.012466872192395  0.012466872192395  0.020132773773401
  0.455361144211054  0.205938192419994 -0.107791655099098  0.205938192419994  0.240554126048058
  0.437044067488641  0.437044067488641  0.011411417937335  0.011411417937335  0.103089029148049
  0.426617333055100  0.426617333055100  0.063316280058200  0.063316280058200  0.020132773773401
  0.422282236645972  0.208176733148732  0.058275267908514  0.208176733148732  0.103089029148049
  0.390499606611226  0.057955878814750  0.057955878814750  0.390499606611226  0.103089029148049
  0.370060490478948  0.009662446497023  0.009662446497023  0.370060490478948  0.240554126048058
  0.344385397246071  0.344385397246071  0.145548215867229  0.145548215867229  0.020132773773401
  0.341840231648908  0.229246296641971 -0.214334969529910  0.229246296641971  0.414002144597060
  0.339154481181851  0.194677168632604  0.030937055504885  0.194677168632604  0.240554126048058
  0.330649668315524  0.330649668315524  0.049073268660448  0.049073268660448  0.240554126048058
  0.315229484897352  0.315229484897352  0.133226000528623  0.133226000528623  0.103089029148049
  0.313257112567029  0.197009657372264 -0.121278571908616  0.197009657372264  0.414002144597060
  0.285543264145440  0.285543264145440  0.007455663556031  0.007455663556031  0.414002144597060
  0.266915824907227  0.266915824907227  0.112807112068744  0.112807112068744  0.240554126048058
  0.255133384969646  0.255133384969646  0.037865542731824  0.037865542731824  0.414002144597060
  0.250281588776987  0.161629533090901  0.012457200444151  0.161629533090901  0.414002144597060
  0.217745404661286  0.172055211956113 -0.161877341852505  0.172055211956113  0.600021513278993
  0.205955560933944  0.205955560933944  0.087043366767526  0.087043366767526  0.414002144597060
  0.204305768501301  0.143981735595442 -0.092290752971179  0.143981735595442  0.600021513278993
  0.194900308308700  0.194900308308699  0.005088935051804  0.005088935051804  0.600021513278993
  0.174143752048372  0.174143752048372  0.025845491312132  0.025845491312132  0.600021513278993
  0.167983172203808  0.113170735902190  0.005653842712819  0.113170735902190  0.600021513278993
  0.140576954052999  0.140576954052999  0.059412289307505  0.059412289307504  0.600021513278993
  0.130973817193909  0.089745846144992 -0.083982756075332  0.089745846144992  0.773517246591438
  0.120372493159945  0.076840895870770 -0.047571531492922  0.076840895870770  0.773517246591438
  0.110359831669451  0.002881545034830  0.002881545034830  0.110359831669451  0.773517246591438
  0.098606694515357  0.014634682188924  0.014634682188924  0.098606694515357  0.773517246591438
  0.096522292635135  0.062677547739880  0.004605365293668  0.062677547739880  0.773517246591438
  0.079599920187508  0.079599920187508  0.033641456516774  0.033641456516774  0.773517246591438
  0.058035553667854  0.028521242732786 -0.026261205696429  0.028521242732786  0.911183166563003
  0.051278399920073  0.026060242698285 -0.014582051879647  0.026060242698285  0.911183166563003
  0.043278398200320  0.043278398200320  0.001130018518178  0.001130018518178  0.911183166563003
  0.039072093668540  0.023359263655508  0.003026212457441  0.023359263655508  0.911183166563003
  0.038669321309179  0.038669321309179  0.005739095409319  0.005739095409319  0.911183166563003
  0.031215678662024  0.031215678662024  0.013192738056474  0.013192738056474  0.911183166563003
  0.244966806556650  0.244966806556650  0.244966806556650  0.244966806556650  0.020132773773401
  0.224227742712988  0.224227742712988  0.224227742712988  0.224227742712988  0.103089029148049
  0.189861468487986  0.189861468487986  0.189861468487986  0.189861468487986  0.240554126048058
  0.146499463850735  0.146499463850735  0.146499463850735  0.146499463850735  0.414002144597060
  0.099994621680252  0.099994621680252  0.099994621680252  0.099994621680252  0.600021513278993
  0.056620688352141  0.056620688352141  0.056620688352141  0.056620688352141  0.773517246591438
  0.022204208359249  0.022204208359249  0.022204208359249  0.022204208359249  0.911183166563003

Weights
  0.002523916902951
  0.004645546827905
  0.003445437048580
  0.007442619379209
  0.006341706073230
  0.013698960060039
  0.004698557899266
  0.006414072286650
  0.013855281065126
  0.003234324816859
  0.004415225611476
  0.009537496473225
  0.001506990425837
  0.002057215369873
  0.004443869025364
  0.000418100823682
  0.000570755743294
  0.001232911150586
  0.000045723018803
  0.000062417182901
  0.000134829726535
  0.001168405417756
  0.002150578759474
  0.005452008725907
  0.010035022077283
  0.002175119354652
  0.010160032019128
  0.003771447675000
  0.010149533305167
  0.006941764510043
  0.008146847310764
  0.018700657086879
  0.014995169071410
  0.007020978085419
  0.011121384194862
  0.001497276964381
  0.018914053249712
  0.015166281323028
  0.020470131567302
  0.006986587832315
  0.004832998581084
  0.020703719483965
  0.010439943726180
  0.013019780350582
  0.000697636192379
  0.014251724712967
  0.003255307233735
  0.002251871102066
  0.004864352262835
  0.006066392661788
  0.006640400674094
  0.000193552833292
  0.000903155462986
  0.000624761210461
  0.001349570410603
  0.001683065615539
  0.001842318931705
  0.000021166712273
  0.000098768028852
  0.000068323157850
  0.000184058094191
  0.000147587447250
  0.000201473851246
  0.012173700454572
  0.022407035455276
  0.022662725689283
  0.015600236856923
  0.007268721886445
  0.002016640952547
  0.000220537504282