80 3
48 8
32 4
0 1

Barycentric Coordinates (Regular PYR)
  0.848391015242157  0.115975775625627 -0.015945621410161  0.035481070990455  0.016097759551921
  0.726284558631932  0.172605749839584 -0.079367225835369  0.097576299878202  0.082900617485651
  0.723757477466766  0.240609313401018 -0.007194450949356  0.026729900529650  0.016097759551921
  0.664374361691132  0.086113016305284  0.013917137910182  0.219497724541480  0.016097759551921
  0.632066217725775  0.067466197844171 -0.049257123801338  0.266824090745741  0.082900617485651
  0.583965239433235  0.115567176136711 -0.022328652132496  0.239895619076899  0.082900617485651
  0.566503704776888  0.397863086090896  0.003847156269512  0.015688293310782  0.016097759551921
  0.557310680879899  0.231240252376057 -0.149446818376360  0.165420716631664  0.195475168488740
  0.519577103258730  0.364294982973882  0.037415259386526  0.062614894828940  0.016097759551921
  0.513188186751679  0.385702121719837 -0.011266329144913  0.029475403187746  0.082900617485651
  0.501823972152144  0.111840380374307 -0.095866482119003  0.286726961103812  0.195475168488740
  0.471978379307973  0.351882479202161  0.022553313372763  0.070685210631452  0.082900617485651
  0.468599403214852  0.145064949311599 -0.063271515311902  0.254131994296712  0.195475168488740
  0.441816819766979  0.308670558229438  0.093039684130971  0.140375178320692  0.016097759551921
  0.431814772081866  0.356736161174090 -0.028262607842031  0.044236506097335  0.195475168488740
  0.403691177469522  0.295841238100424  0.078594554474500  0.138972412469903  0.082900617485651
  0.398795124362597  0.323936273148966  0.004537280183093  0.077256153816603  0.195475168488740
  0.395047751229973  0.250228710346324 -0.183296600515992  0.196368147462493  0.341651991477202
  0.370404204200533  0.274872257375764 -0.118689860855666  0.131761407802167  0.341651991477202
  0.350073082052085  0.241342816640381 -0.085160420120283  0.152092529950615  0.341651991477202
  0.344079524161834  0.269584828364617  0.058888724967443  0.131971754017367  0.195475168488740
  0.339310721563270  0.305965740013027 -0.037173651542179  0.050245198488680  0.341651991477202
  0.314683845968316  0.276732052724150 -0.007939964253302  0.074872074083634  0.341651991477202
  0.273875588693629  0.228290023309071  0.040502065161777  0.115680331358321  0.341651991477202
  0.269328609001348  0.215257907327497 -0.164993563492626  0.174809968979292  0.505597078184489
  0.260127513126912  0.224459003201933 -0.107169921779868  0.116986327266534  0.505597078184489
  0.248518221880250  0.236068294448595 -0.034212145146856  0.044028550633522  0.505597078184489
  0.247932630322475  0.196205947658164 -0.078916866236099  0.129181210070970  0.505597078184489
  0.231096767945923  0.213041810034717 -0.011185660732978  0.061450004567849  0.505597078184489
  0.202228340381493  0.174885500011952  0.026970649289787  0.090318432132279  0.505597078184489
  0.178725627472794  0.145161037349886 -0.111565487049578  0.118126550402537  0.669552271824361
  0.173014012824812  0.150872651997868 -0.072479283379808  0.079040346732767  0.669552271824361
  0.165807501900244  0.029724142628275 -0.023163079275316  0.158079162922436  0.669552271824361
  0.165007946382037  0.131844231493293 -0.053450862875233  0.087046413175542  0.669552271824361
  0.154213909126921  0.041317735401597 -0.007722185101289  0.142638268748409  0.669552271824361
  0.135002608253309  0.117051751304270  0.017864332342850  0.060529036275210  0.669552271824361
  0.106991553183936  0.073578877188819 -0.054848982953570  0.058506848997531  0.815771703583284
  0.101305789438776  0.079264640933979 -0.035559463020949  0.039217329064910  0.815771703583284
  0.096016176297624  0.044506942206063 -0.025777047970814  0.069482225883844  0.815771703583284
  0.094131895352892  0.086438535019863 -0.011221312656897  0.014879178700858  0.815771703583284
  0.087379977058408  0.078118425123059 -0.002901202760093  0.021631096995341  0.815771703583284
  0.076191630497897  0.064331488005790  0.010885734357177  0.032819443555853  0.815771703583284
  0.045713784476244  0.024357790933559 -0.017089528939534  0.018508988569826  0.928508964959907
  0.042079680645571  0.027991894764231 -0.011031805210201  0.012451264840492  0.928508964959907
  0.039555494079334  0.024667278966735 -0.007707189412705  0.014975451406729  0.928508964959907
  0.037494425762172  0.032577149647630 -0.003388598354695  0.004808057984986  0.928508964959907
  0.034709717629781  0.029513055416288 -0.000324504123353  0.007592766117377  0.928508964959907
  0.030095283879817  0.024435661606246  0.004752889686689  0.012207199867341  0.928508964959907
  0.923604583150568  0.040762207717216 -0.021226758136922  0.040762207717216  0.016097759551921
  0.783143231734303  0.115747076737213 -0.097538002694380  0.115747076737213  0.082900617485651
  0.779135325895137  0.104736760337475 -0.004706606122009  0.104736760337475  0.016097759551921
  0.672721892599799  0.151138965910335 -0.057900441906120  0.151138965910335  0.082900617485651
  0.590795675443965  0.197755257811991 -0.181781359556687  0.197755257811991  0.195475168488740
  0.565972863011326  0.184514514985090  0.048900347466572  0.184514514985090  0.016097759551921
  0.523923698946527  0.198807698565037 -0.117014264565340  0.198807698565037  0.195475168488740
  0.504258940931920  0.195273474638026  0.022293492306377  0.195273474638026  0.082900617485651
  0.413544235871114  0.200120116655336 -0.009259637670527  0.200120116655336  0.195475168488740
  0.409919583732579  0.235356877843718 -0.222285330897217  0.235356877843718  0.341651991477202
  0.378121284755540  0.213294613936926 -0.146362504106594  0.213294613936926  0.341651991477202
  0.343704400246727  0.238487597840944  0.163222644519465  0.238487597840944  0.016097759551921
  0.317531221592446  0.225132368346979  0.149303424227945  0.225132368346979  0.082900617485651
  0.316383154147185  0.185782457855515 -0.029600061335417  0.185782457855515  0.341651991477202
  0.275043254228878  0.201008023950322  0.127465529381737  0.201008023950322  0.195475168488740
  0.274881265707850  0.209705250620994 -0.199888845134329  0.209705250620994  0.505597078184489
  0.261276113620822  0.182862464359817 -0.132598120524946  0.182862464359817  0.505597078184489
  0.227724954647204  0.149388885746242 -0.032099804324176  0.149388885746242  0.505597078184489
  0.222386619288712  0.167169300763238  0.101622787707610  0.167169300763238  0.341651991477202
  0.182172459873289  0.141714204949390 -0.135153141596432  0.141714204949390  0.669552271824361
  0.173562902024580  0.123289275850750 -0.089693725550442  0.123289275850750  0.669552271824361
  0.165804202648100  0.126742569865672  0.075113579436067  0.126742569865672  0.505597078184489
  0.151741398707515  0.100312960850064 -0.021919592232004  0.100312960850064  0.669552271824361
  0.110763149159237  0.084768495369281  0.050147588277840  0.084768495369281  0.669552271824361
  0.110422785139563  0.070147645233192 -0.066489779189230  0.070147645233192  0.815771703583284
  0.102860909150166  0.062637493031302 -0.043907598796053  0.062637493031302  0.815771703583284
  0.087250959893480  0.053272158610207 -0.009566980697177  0.053272158610207  0.815771703583284
  0.062074967052356  0.046936107001394  0.028281115361573  0.046936107001394  0.815771703583284
  0.047906885307154  0.022164690102648 -0.020745230472357  0.022164690102648  0.928508964959907
  0.043396077690434  0.020826695355635 -0.013558433361611  0.020826695355635  0.928508964959907
  0.035372760690880  0.019158184795183 -0.002198095241153  0.019158184795183  0.928508964959907
  0.024273118121214  0.018029365625944  0.011159185666991  0.018029365625944  0.928508964959907

Weights
  0.001266394750969
  0.002445565079051
  0.001786467315706
  0.003924549976148
  0.003449889601022
  0.007578791972497
  0.002065377745279
  0.002715108438532
  0.004537266430629
  0.003988500177402
  0.003830126807083
  0.008762023317455
  0.008414105277621
  0.006400593633831
  0.004428101538380
  0.012360338878625
  0.009727749080010
  0.002179070508208
  0.003073953235004
  0.006752926845652
  0.013722660942435
  0.003553871120834
  0.007807220820600
  0.011013425957293
  0.001299359716598
  0.001832970061880
  0.002119140686361
  0.004026708213123
  0.004655374020558
  0.006567204675911
  0.000549067621834
  0.000774554189970
  0.000895480691089
  0.001701557370263
  0.001967211319210
  0.002775089459401
  0.000142449956532
  0.000200950131287
  0.000441451587732
  0.000232323270301
  0.000510372776990
  0.000719968464984
  0.000014915636184
  0.000021041066789
  0.000046223469883
  0.000024326082375
  0.000053440063060
  0.000075386387959
  0.000576466816613
  0.001113228805522
  0.002782043335478
  0.005372470175231
  0.001235925778373
  0.005536251832913
  0.005964608847864
  0.010691187831473
  0.011869540724074
  0.000991919650710
  0.004787029147316
  0.007399879937159
  0.014290084469818
  0.009526163217181
  0.015865097708380
  0.000591472571163
  0.002854461483818
  0.005680363573147
  0.012732886110750
  0.000249937283633
  0.001206203608221
  0.007592502962168
  0.002400338934955
  0.003208347536064
  0.000064843661825
  0.000312937140577
  0.000622743289441
  0.000832372824181
  0.000006789643831
  0.000032766991658
  0.000065206143741
  0.000087156012662