31 3
15 8
15 4
1 1

Barycentric Coordinates (Regular PYR)
  0.882527661964733  0.117472338035267  0.000000000000000 -0.000000000000000  0.000000000000000
  0.671528863299441  0.210998798665292 -0.107326210833496  0.107326210833497  0.117472338035267
  0.642615758240322  0.357384241759678  0.000000000000000 -0.000000000000000  0.000000000000000
  0.567126182661526  0.075489575578797  0.041982762456471  0.315401479303207  0.000000000000000
  0.527112321027407  0.355415340937326 -0.040013861634119  0.040013861634119  0.117472338035267
  0.469891726149101  0.308963347983837  0.006438131319370  0.097234456512425  0.117472338035267
  0.382063351527553  0.260552406712770 -0.185062831133973  0.185062831133973  0.357384241759678
  0.343959019485085  0.298656738755238 -0.068995993253700  0.068995993253700  0.357384241759678
  0.311658469920431  0.255467712741094 -0.025806967239557  0.101296542818353  0.357384241759678
  0.192983752360947  0.122417726942259 -0.122417726942259  0.164400489398730  0.642615758240322
  0.184020394003149  0.173363847756528 -0.045640351498388  0.045640351498388  0.642615758240322
  0.167764566872695  0.147636912430511 -0.019913416172372  0.061896178628842  0.642615758240322
  0.072197084449337  0.045275253585931 -0.031475503382459  0.031475503382459  0.882527661964733
  0.063754730684628  0.011734844894169 -0.011734844894169  0.053717607350640  0.882527661964733
  0.057643833076495  0.017845742502302 -0.004045992298829  0.046028754755300  0.882527661964733
  1.000000000000000  0.000000000000000  0.000000000000000  0.000000000000000  0.000000000000000
  0.778855074132937  0.103672587831795  0.013799750203472  0.103672587831795  0.000000000000000
  0.742242106820499  0.140285555144234 -0.140285555144233  0.140285555144234  0.117472338035267
  0.605250658588567  0.173604415544370 -0.069931827712575  0.173604415544370  0.117472338035267
  0.412955012738785  0.229660745501538  0.127723496258140  0.229660745501538  0.000000000000000
  0.400721054229302  0.241894704011020 -0.241894704011020  0.241894704011020  0.357384241759678
  0.358921239802754  0.208204942858771 -0.132715367279975  0.208204942858771  0.357384241759678
  0.353031007454830  0.214095175206696  0.101306304096511  0.214095175206696  0.117472338035267
  0.245691566843435  0.167263445895350  0.062397299606188  0.167263445895350  0.357384241759678
  0.197372641143006  0.160011600616671 -0.160011600616671  0.160011600616671  0.642615758240322
  0.184694196369158  0.130707282934049 -0.088724520477578  0.130707282934049  0.642615758240322
  0.134565547437913  0.095095198063624  0.032628298194515  0.095095198063624  0.642615758240322
  0.076330864473859  0.041141473561408 -0.041141473561409  0.041141473561408  0.882527661964733
  0.067413425112918  0.036259162718878 -0.022459412515405  0.036259162718878  0.882527661964733
  0.045163643244980  0.030325932333817  0.011656830122654  0.030325932333817  0.882527661964733
  0.000000000000000  0.000000000000000  0.000000000000000  0.000000000000000  1.000000000000000

Weights
  0.001189432036033
  0.005259260609678
  0.001743751648889
  0.009899494936612
  0.007710271862733
  0.043772172094388
  0.004088046057656
  0.005993227723665
  0.034024299011960
  0.001264398104494
  0.001853654696334
  0.010523428202793
  0.000093183552472
  0.000136610557266
  0.000775555120365
  0.000209513120352
  0.006752553567854
  0.000926395176601
  0.029857476441102
  0.014513028147830
  0.000720090984380
  0.023208345795224
  0.064171633983879
  0.049880889119357
  0.000222718057202
  0.007178145260121
  0.015427737545878
  0.000016413864981
  0.000529014614243
  0.001136992681356
  0.000000000000000