61 3
18 8
36 4
7 1

Barycentric Coordinates (Regular PYR)
  0.915111948139284  0.084888051860717  0.000000000000000  0.000000000000000  0.000000000000000
  0.747533021409818  0.167578926729466 -0.089896856217457  0.089896856217457  0.084888051860717
  0.734424396735357  0.265575603264643  0.000000000000000  0.000000000000000  0.000000000000000
  0.672080540457511  0.243031407681773  0.022544195582870  0.062343856277846  0.000000000000000
  0.621313472967294  0.050767067490217 -0.050767067490217  0.293798475171990  0.084888051860717
  0.572880900110210  0.264548977517064 -0.021517569835292  0.099199640347300  0.084888051860717
  0.482939974944253  0.251484421791105 -0.189140565513258  0.189140565513258  0.265575603264643
  0.432566651139018  0.301857745596339 -0.106812543381075  0.106812543381075  0.265575603264643
  0.404914019545820  0.267166520911690 -0.072121318696426  0.134465174974273  0.265575603264643
  0.275944496758705  0.224055503241295 -0.181611477310936  0.181611477310936  0.500000000000000
  0.264651524795960  0.235348475204040 -0.102560673571719  0.102560673571719  0.500000000000000
  0.250891948211089  0.206664025858553 -0.073876224226231  0.116320250156590  0.500000000000000
  0.148792394661236  0.116783208603407 -0.094239013020537  0.094239013020537  0.734424396735358
  0.141826007067303  0.123749596197340 -0.053219195147961  0.053219195147961  0.734424396735358
  0.134304347421881  0.060740854793383 -0.038196659210513  0.108727060259892  0.734424396735358
  0.054715282039400  0.030172769821317 -0.022966788472609  0.022966788472609  0.915111948139284
  0.049373919958804  0.035514131901912 -0.012969936319042  0.012969936319042  0.915111948139284
  0.046283656707655  0.031398413804353 -0.008854218221483  0.016060199570191  0.915111948139284
  1.000000000000000  0.000000000000000  0.000000000000000  0.000000000000000  0.000000000000000
  0.837429877627275  0.077682070512009  0.007205981348708  0.077682070512009  0.000000000000000
  0.806831691909110  0.108280256230174 -0.108280256230174  0.108280256230174  0.084888051860717
  0.691707568513486  0.145722309113789 -0.068040238601780  0.145722309113789  0.084888051860717
  0.539379194520093  0.195045202215264  0.070530401049379  0.195045202215264  0.000000000000000
  0.506605652465203  0.227818744270154 -0.227818744270154  0.227818744270154  0.265575603264643
  0.500000000000000  0.500000000000000  0.000000000000000  0.000000000000000  0.000000000000000
  0.469790267142246  0.202290273315265  0.040741134366508  0.202290273315265  0.084888051860717
  0.457999915439826  0.214080625017684 -0.151736768739838  0.214080625017684  0.265575603264643
  0.457555974069642 -0.000000000000000 -0.000000000000000  0.457555974069642  0.084888051860717
  0.457555974069642  0.457555974069642  0.042444025930358  0.042444025930358  0.000000000000000
  0.418714938813637  0.418714938813637  0.038841035256004  0.038841035256004  0.084888051860717
  0.367212198367679  0.000000000000000  0.000000000000000  0.367212198367679  0.265575603264643
  0.367212198367678  0.367212198367678  0.132787801632322  0.132787801632322  0.000000000000000
  0.346054307455267  0.193324887064826  0.001720315150438  0.193324887064826  0.265575603264643
  0.336040270228755  0.336040270228755  0.121515703840886  0.121515703840886  0.084888051860717
  0.336040270228755  0.336040270228755  0.031171928138923  0.031171928138923  0.265575603264643
  0.281250000000000  0.218750000000000 -0.218750000000000  0.218750000000000  0.500000000000000
  0.269689597260047  0.097522601107632  0.097522601107632  0.269689597260047  0.265575603264643
  0.267936750511645  0.189619223557997 -0.147175197627638  0.189619223557997  0.500000000000000
  0.250000000000000  0.250000000000000 -0.000000000000000 -0.000000000000000  0.500000000000000
  0.228777987034821  0.228777987034821  0.021222012965179  0.021222012965179  0.500000000000000
  0.221604149198402  0.145608049169276 -0.012820247536955  0.145608049169276  0.500000000000000
  0.183606099183839  0.066393900816161  0.066393900816161  0.183606099183839  0.500000000000000
  0.152065243658086  0.113510359606557 -0.113510359606557  0.113510359606557  0.734424396735358
  0.144161464371343  0.098869943310430 -0.076325747727561  0.098869943310430  0.734424396735358
  0.132787801632321 -0.000000000000000 -0.000000000000000  0.132787801632321  0.734424396735358
  0.121515703840887  0.011272097791435  0.011272097791435  0.121515703840886  0.734424396735358
  0.118294199538467  0.076751002676797 -0.006220601627418  0.076751002676797  0.734424396735358
  0.097522601107632  0.035265200524689  0.035265200524689  0.097522601107632  0.734424396735358
  0.057224684694875  0.027663367165841 -0.027663367165842  0.027663367165841  0.915111948139284
  0.052020214271002  0.025661856241007 -0.018455874892299  0.025661856241007  0.915111948139284
  0.042444025930358  0.042444025930358 -0.000000000000000 -0.000000000000000  0.915111948139284
  0.039705910042438  0.022637946235408 -0.000093750652538  0.022637946235408  0.915111948139284
  0.038841035256004  0.038841035256004  0.003602990674354  0.003602990674354  0.915111948139284
  0.031171928138923  0.031171928138923  0.011272097791435  0.011272097791435  0.915111948139284
  0.250000000000000  0.250000000000000  0.250000000000000  0.250000000000000  0.000000000000000
  0.228777987034821  0.228777987034821  0.228777987034821  0.228777987034821  0.084888051860717
  0.183606099183839  0.183606099183839  0.183606099183839  0.183606099183839  0.265575603264643
  0.125000000000000  0.125000000000000  0.125000000000000  0.125000000000000  0.500000000000000
  0.066393900816161  0.066393900816161  0.066393900816161  0.066393900816161  0.734424396735358
  0.021222012965179  0.021222012965179  0.021222012965179  0.021222012965179  0.915111948139284
  0.000000000000000  0.000000000000000  0.000000000000000  0.000000000000000  1.000000000000000

Weights
  0.000443867517684
  0.002160867125507
  0.000692267770520
  0.004024392763208
  0.003370146739217
  0.019591832417766
  0.002170673727052
  0.003385441379886
  0.019680745471130
  0.001136300845270
  0.001772205492532
  0.010302445473812
  0.000283842035569
  0.000442687705938
  0.002573497244855
  0.000018593996488
  0.000028999699192
  0.000168585314139
  0.000076353177971
  0.002580355899923
  0.000371707921016
  0.012561870409782
  0.006276551662135
  0.000373394832455
  0.000781856542420
  0.030555951061787
  0.012618879587397
  0.003806289111208
  0.004545203381079
  0.022127279365194
  0.003823563084344
  0.007088821970128
  0.030694622261572
  0.034510302609585
  0.022227698965008
  0.000195464135605
  0.034666919730032
  0.006605711103803
  0.002001552748595
  0.011635720655563
  0.016067972255065
  0.018147384243528
  0.000048825923488
  0.001650072244416
  0.000499977456521
  0.002906542444229
  0.004013695819495
  0.004533122108800
  0.000003198501054
  0.000108093353600
  0.000032752650790
  0.000262930209831
  0.000190402524036
  0.000296956919721
  0.008006210994379
  0.038976400498773
  0.039153285983683
  0.020495900145611
  0.005119769154773
  0.000335387144091
  0.000000000000000