12 3
4 8
8 4
0 1

Barycentric Coordinates (Regular PYR)
  0.553450502509196  0.312506590074282 -0.005410278543123  0.070021341756671  0.069431844202974
  0.347324513318237  0.101562785973453 -0.055044108446892  0.276147330947630  0.330009478207572
  0.162865639189627  0.144230672341532 -0.035324416634698  0.058237583311111  0.669990521792428
  0.036918022572395  0.027693040641153 -0.004779873964740  0.009600654954166  0.930568155797026
  0.738121371120230  0.127835721463249 -0.063224658249701  0.127835721463249  0.069431844202974
  0.407166081307010  0.216305762958857  0.090790548572302  0.216305762958857  0.069431844202974
  0.401878089546134  0.221593754719733 -0.175075077193172  0.221593754719733  0.330009478207572
  0.272957646449225  0.175929652842465  0.045173569658273  0.175929652842465  0.330009478207572
  0.177148363661053  0.129947947870106 -0.107034781193693  0.129947947870106  0.669990521792428
  0.131205458467650  0.089897764033088  0.019008491673746  0.089897764033088  0.669990521792428
  0.043988487266636  0.020622575946912 -0.015801794957486  0.020622575946912  0.930568155797026
  0.028651857360972  0.017866820165589  0.005046346510824  0.017866820165589  0.930568155797026

Weights
  0.048319425444194
  0.046957927484020
  0.011392641462806
  0.000268994121760
  0.025773627435082
  0.090587437920324
  0.025047403129710
  0.088034952852216
  0.006076845779198
  0.021358494886335
  0.000143481720090
  0.000504300042516