4 3
0 8
2 4
2 1

Barycentric Coordinates (Regular PYR)
  0.668905875206687  0.140453481404750  0.010938878084997  0.140453481404750  0.039248283898815
  0.332049351705005  0.332049351705005  0.006758573505888  0.006758573505888  0.322384149578214
  0.218715761722813  0.218715761722813  0.218715761722813  0.218715761722813  0.125136953108746
  0.080691802778466  0.080691802778466  0.080691802778466  0.080691802778466  0.677232788886137

Weights
  0.119772745994674
  0.200487565609086
  0.390103085029384
  0.214473751719704