9 3
0 8
5 4
4 1

Barycentric Coordinates (Regular PYR)
  0.917626292553138  0.033698915738135 -0.033273194661344  0.033698915738135  0.048249070631936
  0.600753341045766  0.167348220744211  0.035072486620091  0.167348220744211  0.029477730845721
  0.461970743377627  0.154610870906661 -0.036108348403079  0.154610870906661  0.264915863212130
  0.434287002522312  0.434287002522312  0.016989326964957  0.016989326964957  0.097447341025462
  0.216962704688350  0.216962704688350  0.000000000000000 -0.000000000000000  0.566074590623301
  0.249559047786795  0.249559047786795  0.249559047786795  0.249559047786795  0.001763808852820
  0.215434298384067  0.215434298384067  0.215434298384067  0.215434298384067  0.138262806463731
  0.144644022016091  0.144644022016091  0.144644022016091  0.144644022016091  0.421423911935637
  0.048088550576510  0.048088550576510  0.048088550576510  0.048088550576510  0.807645797693959

Weights
  0.008183885380483
  0.070145236672789
  0.139313960574101
  0.069674696796289
  0.059562111086284
  0.030270794741454
  0.225481370252388
  0.194333063390535
  0.048013292739963