n_vars  5
ml_max  8
p_max   6

Cases Run
           0
           1
           1
           1
           1
           1


Mesh Size
           0
  2.5000e-01
  1.2500e-01
  6.2500e-02
  3.1250e-02
  1.5625e-02


L2 Errors

$s$
           0
  5.6134e-03
  2.2293e-03
  1.3425e-03
  1.0189e-03
  7.0350e-04

$\rho_{res}$
           0
  1.2108e-03
  4.2804e-03
  4.7449e-04
  8.2655e-05
  1.6368e-05

$u_{res}$
           0
  9.9687e-03
  3.6600e-03
  6.2273e-04
  1.6945e-04
  5.1654e-05

$v_{res}$
           0
  7.7152e-03
  4.8242e-03
  7.2145e-04
  1.8244e-04
  5.0581e-05

$E_{res}$
           0
  4.2377e-03
  1.4947e-02
  1.6498e-03
  2.9097e-04
  5.8126e-05


Convergence Orders

$s$
           0
           0
  1.3323e+00
  7.3167e-01
  3.9791e-01
  5.3439e-01

$\rho_{res}$
           0
           0
 -1.8218e+00
  3.1733e+00
  2.5212e+00
  2.3362e+00

$u_{res}$
           0
           0
  1.4456e+00
  2.5552e+00
  1.8777e+00
  1.7139e+00

$v_{res}$
           0
           0
  6.7741e-01
  2.7413e+00
  1.9835e+00
  1.8508e+00

$E_{res}$
           0
           0
 -1.8185e+00
  3.1795e+00
  2.5033e+00
  2.3236e+00

